453.75531005859375, -361.3518981933594, 131.695556640625, -147.68333435058594, -52.99895095825195, -6.4433770179748535
453.75531005859375, -361.3518981933594, 131.695556640625, -147.68333435058594, -52.99895095825195, -6.4433770179748535
453.75628662109375, -361.3526306152344, 131.6966094970703, -147.6835174560547, -52.99913787841797, -6.443233013153076
453.7549133300781, -361.35406494140625, 131.69686889648438, -147.68299865722656, -52.999114990234375, -6.44385290145874
453.7539367675781, -361.3536376953125, 131.695556640625, -147.68333435058594, -52.99895095825195, -6.443594455718994
453.75628662109375, -361.3526306152344, 131.6966094970703, -147.6835174560547, -52.99913787841797, -6.443233013153076
453.75531005859375, -361.3518981933594, 131.695556640625, -147.68333435058594, -52.99895095825195, -6.4433770179748535
453.7539367675781, -361.3536376953125, 131.695556640625, -147.68309020996094, -52.99883270263672, -6.443900108337402
453.7466735839844, -361.3529052734375, 131.70274353027344, -147.67347717285156, -52.98805618286133, -6.461437225341797
453.6689453125, -361.36468505859375, 132.5378875732422, -147.62876892089844, -52.822540283203125, -6.510094165802002
453.51849365234375, -361.3312072753906, 132.05323791503906, -147.70838928222656, -52.9859619140625, -6.461323261260986
453.1182861328125, -362.16864013671875, 131.89410400390625, -147.35385131835938, -52.983001708984375, -6.644297122955322
453.09478759765625, -362.4483337402344, 131.8723602294922, -147.41529846191406, -53.01703643798828, -6.671967506408691
453.09332275390625, -362.41302490234375, 131.78536987304688, -147.39549255371094, -53.01232147216797, -6.6846795082092285
453.09332275390625, -362.41302490234375, 131.78536987304688, -147.39549255371094, -53.01232147216797, -6.6846795082092285
453.09332275390625, -362.41302490234375, 131.78536987304688, -147.39549255371094, -53.01232147216797, -6.6846795082092285
453.09332275390625, -362.41302490234375, 131.78536987304688, -147.39549255371094, -53.01232147216797, -6.6846795082092285
453.09332275390625, -362.41302490234375, 131.78536987304688, -147.39549255371094, -53.01232147216797, -6.6846795082092285
453.09332275390625, -362.41302490234375, 131.78536987304688, -147.39549255371094, -53.01232147216797, -6.6846795082092285
453.09332275390625, -362.41302490234375, 131.78536987304688, -147.39549255371094, -53.01232147216797, -6.6846795082092285
453.09332275390625, -362.41302490234375, 131.78536987304688, -147.39549255371094, -53.01232147216797, -6.6846795082092285
453.1414489746094, -362.3280334472656, 131.783935546875, -147.39083862304688, -53.011566162109375, -6.678219795227051
453.14276123046875, -362.3262634277344, 131.7705078125, -147.3899383544922, -53.010623931884766, -6.678720474243164
453.14276123046875, -362.3262634277344, 131.7705078125, -147.3899383544922, -53.010623931884766, -6.678720474243164
453.14276123046875, -362.3262634277344, 131.7705078125, -147.3899383544922, -53.010623931884766, -6.678720474243164
453.14276123046875, -362.3262634277344, 131.7705078125, -147.3899383544922, -53.010623931884766, -6.678720474243164
453.14276123046875, -362.3262634277344, 131.7705078125, -147.3899383544922, -53.010623931884766, -6.678720474243164
453.14276123046875, -362.3262634277344, 131.7705078125, -147.3899383544922, -53.010623931884766, -6.678720474243164
453.14276123046875, -362.3262634277344, 131.7705078125, -147.3899383544922, -53.010623931884766, -6.678720474243164
453.14276123046875, -362.3262634277344, 131.7705078125, -147.3899383544922, -53.010623931884766, -6.678720474243164
453.14276123046875, -362.3262634277344, 131.7705078125, -147.3899383544922, -53.010623931884766, -6.678720474243164
453.14459228515625, -362.32733154296875, 131.77969360351562, -147.39039611816406, -53.011470794677734, -6.678243637084961
453.1455383300781, -362.3283386230469, 131.78048706054688, -147.39059448242188, -53.011451721191406, -6.678307056427002
453.1434326171875, -362.32647705078125, 131.77203369140625, -147.38943481445312, -53.010597229003906, -6.679122447967529
453.1434326171875, -362.32647705078125, 131.77203369140625, -147.38943481445312, -53.010597229003906, -6.679122447967529
453.1434326171875, -362.32647705078125, 131.77203369140625, -147.38943481445312, -53.010597229003906, -6.679122447967529
453.1434326171875, -362.32647705078125, 131.77203369140625, -147.38943481445312, -53.010597229003906, -6.679122447967529
453.14459228515625, -362.3270568847656, 131.7799530029297, -147.39012145996094, -53.01156234741211, -6.678341388702393
453.14349365234375, -362.3268127441406, 131.7739715576172, -147.39012145996094, -53.01081085205078, -6.678576946258545
453.1449279785156, -362.32513427734375, 131.7761688232422, -147.3903045654297, -53.01100158691406, -6.678215503692627
453.1442565917969, -362.327392578125, 131.77963256835938, -147.39048767089844, -53.01118850708008, -6.678289413452148
453.14453125, -362.3273010253906, 131.77748107910156, -147.3902130126953, -53.01128387451172, -6.67838716506958
453.14349365234375, -362.3268127441406, 131.7739715576172, -147.39012145996094, -53.01081085205078, -6.678576946258545
453.1434326171875, -362.3267517089844, 131.7717742919922, -147.3899383544922, -53.010623931884766, -6.678720474243164
453.14111328125, -362.3280944824219, 131.7726593017578, -147.3902130126953, -53.01053237915039, -6.678840160369873
453.1459655761719, -362.3258972167969, 131.77943420410156, -147.39041137695312, -53.011260986328125, -6.6782331466674805
453.1459655761719, -362.3258972167969, 131.77943420410156, -147.39041137695312, -53.011260986328125, -6.6782331466674805
453.14349365234375, -362.3268127441406, 131.7739715576172, -147.39012145996094, -53.01081085205078, -6.678576946258545
453.14556884765625, -362.3258972167969, 131.7771759033203, -147.39056396484375, -53.01091003417969, -6.6781182289123535
453.1435546875, -362.32684326171875, 131.7761688232422, -147.3900604248047, -53.01088333129883, -6.678737640380859
453.1449890136719, -362.3251647949219, 131.77838134765625, -147.39024353027344, -53.01107406616211, -6.6783766746521
453.14361572265625, -362.3266296386719, 131.7786407470703, -147.3899688720703, -53.011165618896484, -6.678691864013672
453.1444396972656, -362.3275146484375, 131.7750244140625, -147.3903045654297, -53.01100158691406, -6.678433418273926
453.1434326171875, -362.3267517089844, 131.7717742919922, -147.3899383544922, -53.010623931884766, -6.678720474243164
453.1439514160156, -362.32440185546875, 131.77513122558594, -147.39012145996094, -53.01081085205078, -6.678359031677246
453.1448669433594, -362.3250732421875, 131.7739715576172, -147.39012145996094, -53.01081085205078, -6.678359031677246
453.1432189941406, -362.3263244628906, 131.77664184570312, -147.38986206054688, -53.01090621948242, -6.678674221038818
453.1449279785156, -362.3248596191406, 131.77642822265625, -147.39027404785156, -53.01121139526367, -6.678008556365967
453.1435546875, -362.32684326171875, 131.7761688232422, -147.3900604248047, -53.01088333129883, -6.678737640380859
453.14422607421875, -362.3270568847656, 131.7664794921875, -147.38931274414062, -53.010337829589844, -6.679105281829834
453.1447448730469, -362.3249816894531, 131.7695770263672, -147.38975524902344, -53.01043701171875, -6.678646564483643
453.1434326171875, -362.3267517089844, 131.7717742919922, -147.3899383544922, -53.010623931884766, -6.678720474243164
453.1449279785156, -362.3254089355469, 131.7759246826172, -147.39056396484375, -53.01091003417969, -6.6781182289123535
453.1462097167969, -362.3260803222656, 131.7770233154297, -147.39041137695312, -53.011260986328125, -6.6782331466674805
453.1449279785156, -362.32513427734375, 131.7761688232422, -147.3903045654297, -53.01100158691406, -6.678215503692627
453.14349365234375, -362.3268127441406, 131.7739715576172, -147.39012145996094, -53.01081085205078, -6.678576946258545
453.1435546875, -362.32684326171875, 131.7761688232422, -147.3900604248047, -53.01088333129883, -6.678737640380859
453.1451721191406, -362.3253173828125, 131.7737579345703, -147.3903045654297, -53.01100158691406, -6.678215503692627
455.08453369140625, -359.6698303222656, 132.19287109375, -147.25527954101562, -53.08715057373047, -6.611804008483887
461.0185241699219, -350.02484130859375, 131.67855834960938, -146.67535400390625, -53.06697463989258, -6.242602348327637
459.6937255859375, -327.01910400390625, 126.56478118896484, -145.85223388671875, -52.373958587646484, -6.01839542388916
463.99871826171875, -326.5810852050781, 126.3550033569336, -145.63487243652344, -52.51126480102539, -6.0666961669921875
380.41387939453125, -315.31268310546875, 115.72833251953125, -146.19569396972656, -52.255680084228516, -12.247146606445312
380.41827392578125, -315.3130187988281, 115.71974182128906, -146.19442749023438, -52.25483703613281, -12.247675895690918
380.41912841796875, -315.3169250488281, 115.72291564941406, -146.1955108642578, -52.25501251220703, -12.247417449951172
380.41522216796875, -315.31805419921875, 115.73466491699219, -146.19595336914062, -52.25627136230469, -12.247133255004883
380.4261779785156, -315.3233337402344, 115.74652099609375, -146.197509765625, -52.259185791015625, -12.245437622070312
380.4447326660156, -315.3310546875, 115.87286376953125, -146.2030487060547, -52.272281646728516, -12.239299774169922
380.4287414550781, -315.32757568359375, 115.84121704101562, -146.20094299316406, -52.26736831665039, -12.242244720458984
380.4360046386719, -315.3218994140625, 115.82034301757812, -146.20082092285156, -52.26615524291992, -12.241403579711914
380.4291687011719, -315.3255920410156, 115.8140869140625, -146.2019500732422, -52.26511764526367, -12.241924285888672
380.4099426269531, -315.32110595703125, 115.77589416503906, -146.1958465576172, -52.25970458984375, -12.247186660766602
380.4183654785156, -315.31658935546875, 115.74990844726562, -146.1956024169922, -52.25809860229492, -12.246676445007324
380.4177551269531, -315.32171630859375, 115.76715087890625, -146.1979522705078, -52.2597770690918, -12.245521545410156
380.4278259277344, -315.318115234375, 115.80091857910156, -146.19851684570312, -52.26326370239258, -12.243556022644043
380.4165954589844, -315.3316650390625, 115.79850006103516, -146.19900512695312, -52.26264572143555, -12.245506286621094
380.42510986328125, -315.32135009765625, 115.79481506347656, -146.19859313964844, -52.26252365112305, -12.244181632995605
380.4175720214844, -315.32977294921875, 115.79499053955078, -146.1984405517578, -52.262325286865234, -12.245603561401367
380.4197692871094, -315.3270263671875, 115.77940368652344, -146.1975860595703, -52.26094436645508, -12.246086120605469
380.41522216796875, -315.3265380859375, 115.77223205566406, -146.19798278808594, -52.26024627685547, -12.246020317077637
380.4241638183594, -315.32623291015625, 115.77787017822266, -146.19923400878906, -52.26210403442383, -12.244492530822754
380.4295959472656, -315.32879638671875, 115.81285095214844, -146.1999969482422, -52.26523971557617, -12.243254661560059
380.4113464355469, -315.34149169921875, 115.81857299804688, -146.20045471191406, -52.26482009887695, -12.245426177978516
380.4355773925781, -315.3341979980469, 115.79729461669922, -146.20086669921875, -52.26494216918945, -12.24283504486084
380.4363098144531, -315.34619140625, 115.81659698486328, -146.205078125, -52.26759338378906, -12.241268157958984
380.42755126953125, -315.3398742675781, 115.82469177246094, -146.20240783691406, -52.26719665527344, -12.242813110351562
380.4153747558594, -315.3324890136719, 115.81099700927734, -146.1995086669922, -52.26417922973633, -12.245065689086914
380.404052734375, -315.3304748535156, 115.77029418945312, -146.19754028320312, -52.25899124145508, -12.247827529907227
380.4143981933594, -315.3315124511719, 115.76834106445312, -146.1986846923828, -52.26010513305664, -12.246392250061035
379.5105285644531, -314.9878234863281, 116.42692565917969, -146.25192260742188, -52.319454193115234, -12.29334545135498
377.8926696777344, -314.7228088378906, 116.40991973876953, -146.29554748535156, -52.322776794433594, -12.423600196838379
376.75244140625, -314.33514404296875, 116.57989501953125, -146.3754425048828, -52.2863655090332, -12.477439880371094
377.1559143066406, -314.28497314453125, 116.06468963623047, -146.32550048828125, -52.25871276855469, -12.498547554016113
379.2923583984375, -314.0379638671875, 115.89423370361328, -146.2418975830078, -52.261756896972656, -12.34896183013916
379.889404296875, -314.0699768066406, 115.99455261230469, -146.25711059570312, -52.25495147705078, -12.280954360961914
379.86041259765625, -314.47027587890625, 115.97178649902344, -146.26400756835938, -52.238277435302734, -12.28034496307373
379.6925048828125, -314.59698486328125, 116.03189849853516, -146.27569580078125, -52.216819763183594, -12.281488418579102
379.5851135253906, -314.59600830078125, 115.61831665039062, -146.28114318847656, -52.181251525878906, -12.327359199523926
380.1084899902344, -314.5072021484375, 115.47786712646484, -146.29266357421875, -52.16490936279297, -12.2803316116333
380.6278076171875, -314.24127197265625, 115.52423095703125, -146.2957305908203, -52.182533264160156, -12.25195026397705
381.1590881347656, -314.0807189941406, 115.51116180419922, -146.29360961914062, -52.191410064697266, -12.202316284179688
382.2558288574219, -313.8305969238281, 115.2697525024414, -146.2218017578125, -52.199615478515625, -12.157419204711914
383.60931396484375, -313.4859313964844, 115.21588897705078, -146.16091918945312, -52.2157096862793, -12.077852249145508
384.2173767089844, -313.2875061035156, 115.01089477539062, -146.08689880371094, -52.219791412353516, -12.075735092163086
384.5549621582031, -313.2317810058594, 114.41412353515625, -145.91725158691406, -52.25041961669922, -12.133225440979004
383.8004455566406, -313.7203674316406, 115.20551300048828, -145.92840576171875, -52.32094955444336, -12.145337104797363
383.9446105957031, -313.8390808105469, 115.0680160522461, -145.90335083007812, -52.309391021728516, -12.14942455291748
383.1762390136719, -314.0475769042969, 116.1756362915039, -146.0041046142578, -52.37940979003906, -12.124765396118164
383.30975341796875, -314.1488342285156, 114.93356323242188, -145.84078979492188, -52.27695846557617, -12.228567123413086
383.3739013671875, -314.1781921386719, 114.95912170410156, -145.83750915527344, -52.28883361816406, -12.228456497192383
383.4188232421875, -314.1453857421875, 114.93436431884766, -145.83644104003906, -52.28881072998047, -12.22329330444336
383.8803405761719, -314.0179748535156, 114.893798828125, -145.8007354736328, -52.32011795043945, -12.21615219116211
381.3670349121094, -314.42083740234375, 114.16568756103516, -145.798828125, -52.26572036743164, -12.516014099121094
375.9881286621094, -314.5543518066406, 114.16199493408203, -145.91885375976562, -52.28318405151367, -12.95619010925293
374.754150390625, -314.19342041015625, 114.04503631591797, -145.92454528808594, -52.238182067871094, -12.991955757141113
373.96868896484375, -314.1358337402344, 111.90758514404297, -145.68679809570312, -52.08693313598633, -13.252312660217285
373.25030517578125, -313.82958984375, 109.69755554199219, -145.3890838623047, -51.95281982421875, -13.607855796813965
372.33514404296875, -313.1166076660156, 106.72948455810547, -145.053955078125, -51.85057067871094, -13.957406997680664
372.3526611328125, -312.5419006347656, 104.93097686767578, -144.76492309570312, -51.83955383300781, -14.163738250732422
372.40618896484375, -312.49664306640625, 104.93244934082031, -144.7584991455078, -51.849281311035156, -14.160062789916992
372.4087829589844, -312.4725646972656, 104.90335845947266, -144.75572204589844, -51.845943450927734, -14.159490585327148
372.4237365722656, -312.48651123046875, 104.93614196777344, -144.76028442382812, -51.85173034667969, -14.15601921081543
372.4342041015625, -312.4918518066406, 104.9650650024414, -144.7623748779297, -51.855201721191406, -14.154037475585938
372.42840576171875, -312.4947204589844, 104.95489501953125, -144.7616729736328, -51.85373306274414, -14.155369758605957
372.4347229003906, -312.4870300292969, 104.95500946044922, -144.76060485839844, -51.853538513183594, -14.154735565185547
372.4404296875, -312.5035400390625, 104.98155212402344, -144.76425170898438, -51.857730865478516, -14.153100967407227
372.4270935058594, -312.4942932128906, 104.94168090820312, -144.76132202148438, -51.85211944580078, -14.155792236328125
372.4339904785156, -312.4949035644531, 104.95724487304688, -144.7626953125, -51.85411834716797, -14.15427303314209
372.1531066894531, -312.3567810058594, 104.99421691894531, -144.810546875, -51.82457733154297, -14.140829086303711
369.82061767578125, -312.23724365234375, 106.68982696533203, -145.15196228027344, -51.95634460449219, -14.130114555358887
368.4794006347656, -311.957763671875, 108.26544952392578, -145.34625244140625, -52.13911819458008, -14.071282386779785
368.6025085449219, -311.8035888671875, 108.87022399902344, -145.35223388671875, -52.13941192626953, -14.065458297729492
368.5118103027344, -311.3930358886719, 104.88751220703125, -144.8914031982422, -51.80297088623047, -14.462133407592773
368.6134948730469, -311.166748046875, 102.43718719482422, -144.64755249023438, -51.561309814453125, -14.640308380126953
368.7310485839844, -311.0414123535156, 101.5710678100586, -144.52525329589844, -51.535770416259766, -14.732043266296387
368.4057922363281, -310.8056945800781, 101.57917785644531, -144.5170135498047, -51.55491256713867, -14.757024765014648
367.50213623046875, -310.90911865234375, 101.35454559326172, -144.53126525878906, -51.542625427246094, -14.827118873596191
367.58013916015625, -311.3992614746094, 101.74810028076172, -144.58596801757812, -51.55139923095703, -14.760489463806152
369.2611083984375, -312.0648193359375, 101.19185638427734, -144.3939971923828, -51.525943756103516, -14.749781608581543
372.0217590332031, -312.2861022949219, 99.75297546386719, -144.1720428466797, -51.4694938659668, -14.674616813659668
372.71820068359375, -312.2786865234375, 98.93516540527344, -144.04864501953125, -51.45068359375, -14.710620880126953
372.5921325683594, -312.2676696777344, 98.248779296875, -143.96530151367188, -51.402923583984375, -14.786306381225586
370.4869689941406, -312.21429443359375, 97.47608184814453, -143.9233856201172, -51.341861724853516, -15.032266616821289
367.9921875, -312.354736328125, 96.99288940429688, -143.95899963378906, -51.3140983581543, -15.252320289611816
364.8515625, -311.98309326171875, 96.66146850585938, -144.0168914794922, -51.31107711791992, -15.500669479370117
365.6204528808594, -311.91705322265625, 97.40713500976562, -144.10406494140625, -51.383663177490234, -15.347277641296387
367.26556396484375, -311.6241149902344, 98.9751205444336, -144.2535858154297, -51.459903717041016, -15.086170196533203
367.30706787109375, -311.6644592285156, 97.86477661132812, -144.1682891845703, -51.39855194091797, -15.175463676452637
370.042236328125, -310.9607849121094, 99.00269317626953, -144.11154174804688, -51.48966598510742, -14.906693458557129
374.20147705078125, -310.5091857910156, 96.80702209472656, -143.75511169433594, -51.4041862487793, -14.87301254272461
374.1592102050781, -310.72674560546875, 95.38289642333984, -143.64903259277344, -51.302734375, -14.971602439880371
369.74072265625, -311.4638977050781, 93.86263275146484, -143.5465850830078, -51.31789779663086, -15.5535888671875
364.6871337890625, -311.4742126464844, 93.83441925048828, -143.63348388671875, -51.57793045043945, -15.956778526306152
362.2824401855469, -311.2044677734375, 94.28255462646484, -143.6753387451172, -52.09476852416992, -16.14927101135254
361.04541015625, -311.18157958984375, 95.14250946044922, -143.669189453125, -52.87063217163086, -16.2919979095459
358.4192810058594, -310.91497802734375, 95.47784423828125, -143.75375366210938, -53.20745086669922, -16.49514389038086
355.6585998535156, -310.591552734375, 94.88699340820312, -143.6734161376953, -53.79930114746094, -16.81761360168457
357.3636169433594, -310.8007507324219, 94.40509796142578, -143.4482421875, -53.999595642089844, -16.83854866027832
357.343505859375, -310.8315734863281, 94.8311538696289, -143.5199432373047, -54.42070007324219, -16.83938980102539
354.71710205078125, -310.2761535644531, 95.1931381225586, -143.73036193847656, -54.77776336669922, -17.003955841064453
352.12823486328125, -309.5522766113281, 94.68055725097656, -143.90060424804688, -55.10541915893555, -17.215547561645508
350.7353210449219, -308.86175537109375, 93.97869110107422, -143.96998596191406, -55.179847717285156, -17.311843872070312
351.7565612792969, -308.6156311035156, 93.31536102294922, -143.72341918945312, -55.072059631347656, -17.373777389526367
352.34320068359375, -308.6606750488281, 93.2032241821289, -143.65066528320312, -55.069087982177734, -17.37078857421875
352.3248291015625, -308.6321105957031, 93.30287170410156, -143.6634063720703, -55.10118865966797, -17.361677169799805
351.5644226074219, -308.7911376953125, 94.04319763183594, -143.73828125, -55.168304443359375, -17.351804733276367
350.24493408203125, -309.04217529296875, 94.95370483398438, -143.84092712402344, -55.2290153503418, -17.354074478149414
349.9790344238281, -309.1272888183594, 94.79531860351562, -143.83023071289062, -55.23945999145508, -17.384429931640625
350.0063781738281, -309.125732421875, 94.8544921875, -143.81597900390625, -55.26369857788086, -17.391130447387695
349.7498474121094, -308.90130615234375, 94.58988952636719, -143.76931762695312, -55.29377365112305, -17.441688537597656
348.4297180175781, -308.88128662109375, 94.0992660522461, -143.8914337158203, -55.41901779174805, -17.543813705444336
347.3233947753906, -309.00213623046875, 93.94329833984375, -143.94015502929688, -55.539398193359375, -17.60724639892578
346.7593078613281, -309.0931091308594, 93.5618667602539, -143.89393615722656, -55.736873626708984, -17.730215072631836
346.34039306640625, -308.8848571777344, 93.48006439208984, -143.9302978515625, -55.873390197753906, -17.76897430419922
346.1576232910156, -308.8094177246094, 93.215087890625, -143.91429138183594, -55.87698745727539, -17.808347702026367
345.5523986816406, -308.41131591796875, 92.69915008544922, -143.9126739501953, -55.900848388671875, -17.910776138305664
344.99566650390625, -307.7769470214844, 92.27007293701172, -143.9946746826172, -56.070735931396484, -17.96495819091797
343.89727783203125, -307.518798828125, 92.06452941894531, -144.12713623046875, -56.10101318359375, -17.988243103027344
342.03765869140625, -307.2532043457031, 91.75503540039062, -144.36817932128906, -56.10984420776367, -18.036617279052734
340.2773742675781, -306.6999206542969, 91.15135192871094, -144.5144500732422, -56.0728759765625, -18.103755950927734
339.4324951171875, -306.4584655761719, 90.93347930908203, -144.5723419189453, -56.02330017089844, -18.132713317871094
340.4393005371094, -307.0589599609375, 91.20428466796875, -144.46209716796875, -56.01336669921875, -18.11713981628418
340.9280090332031, -306.9999084472656, 90.6700439453125, -144.2273406982422, -56.0061149597168, -18.226102828979492
340.95013427734375, -306.9775390625, 90.63299560546875, -144.22557067871094, -56.004032135009766, -18.223852157592773
339.53558349609375, -306.2149963378906, 90.88573455810547, -144.50421142578125, -55.96293258666992, -18.167190551757812
336.4603271484375, -305.1507263183594, 90.43475341796875, -144.81663513183594, -55.8735466003418, -18.26789093017578
334.68524169921875, -304.191650390625, 89.2446060180664, -144.81570434570312, -55.72443389892578, -18.433687210083008
334.4571228027344, -303.8172912597656, 88.67622375488281, -144.7781219482422, -55.67009353637695, -18.517187118530273
333.9486999511719, -302.6455383300781, 88.13825988769531, -144.76800537109375, -55.59455871582031, -18.58381462097168
333.63873291015625, -301.9184265136719, 87.79881286621094, -144.7558135986328, -55.54063415527344, -18.613245010375977
334.5406799316406, -302.3079528808594, 88.604736328125, -144.80169677734375, -55.634639739990234, -18.5008544921875
334.9107360839844, -302.6109313964844, 88.94795227050781, -144.7902069091797, -55.66357421875, -18.45474624633789
335.5919189453125, -303.1942138671875, 88.93891143798828, -144.71548461914062, -55.713157653808594, -18.44425392150879
335.3656311035156, -303.0296936035156, 88.88385009765625, -144.72979736328125, -55.707908630371094, -18.4461612701416
333.1461181640625, -302.3494567871094, 88.67912292480469, -144.94810485839844, -55.60750198364258, -18.50029754638672
331.3662109375, -301.97705078125, 88.5564956665039, -145.1074981689453, -55.519264221191406, -18.54051971435547
331.0416564941406, -302.05120849609375, 88.5161361694336, -145.11007690429688, -55.461917877197266, -18.55389976501465
329.92779541015625, -301.7929382324219, 88.08151245117188, -145.18182373046875, -55.396366119384766, -18.612634658813477
329.5790100097656, -301.6932067871094, 88.09257507324219, -145.209228515625, -55.35957336425781, -18.618946075439453
330.598388671875, -302.26434326171875, 87.60990905761719, -144.87994384765625, -55.36103439331055, -18.718650817871094
330.63922119140625, -302.2797546386719, 87.56009674072266, -144.86106872558594, -55.357810974121094, -18.727258682250977
330.65594482421875, -302.2894287109375, 87.58576965332031, -144.85928344726562, -55.36183166503906, -18.72711181640625
330.6675109863281, -302.285400390625, 87.57652282714844, -144.85861206054688, -55.36127853393555, -18.726207733154297
330.6627197265625, -302.2899475097656, 87.59144592285156, -144.8594207763672, -55.3626823425293, -18.72616958618164
330.6778564453125, -302.275390625, 87.59088134765625, -144.8587646484375, -55.36287307739258, -18.723901748657227
330.6786193847656, -302.27001953125, 87.58358001708984, -144.8587646484375, -55.36194610595703, -18.723552703857422
330.6862487792969, -302.26031494140625, 87.58061981201172, -144.8577117919922, -55.36152267456055, -18.722702026367188
330.6831359863281, -302.262451171875, 87.58649444580078, -144.85848999023438, -55.36199951171875, -18.7225341796875
330.6898193359375, -302.2547302246094, 87.5812759399414, -144.85797119140625, -55.36146926879883, -18.721763610839844
330.6877136230469, -302.2574157714844, 87.58296966552734, -144.8581085205078, -55.361671447753906, -18.722087860107422
330.6866455078125, -302.2568664550781, 87.58362579345703, -144.85836791992188, -55.36161422729492, -18.722017288208008
330.6875305175781, -302.2591552734375, 87.59519958496094, -144.858642578125, -55.36294937133789, -18.721710205078125
330.6918029785156, -302.2560729980469, 87.589111328125, -144.858642578125, -55.362667083740234, -18.720966339111328
330.6881103515625, -302.25775146484375, 87.58988952636719, -144.8587646484375, -55.36240768432617, -18.72144317626953
330.6896057128906, -302.2564697265625, 87.58998107910156, -144.858642578125, -55.362667083740234, -18.72118377685547
330.6903076171875, -302.2573547363281, 87.5890121459961, -144.85850524902344, -55.362281799316406, -18.721538543701172
330.6878967285156, -302.257568359375, 87.58467102050781, -144.85848999023438, -55.36199951171875, -18.721664428710938
330.6893005371094, -302.2584228515625, 87.58740997314453, -144.85850524902344, -55.362464904785156, -18.721511840820312
