0.20780483494281893, -0.1850993846511626, 0.6302349723540523
0.20786135574903636, -0.1848612729713086, 0.6307817518104967
0.2076358351404648, -0.18526836126002177, 0.6299983088026615
0.2077652160784578, -0.18539651528165346, 0.6303914544001488
0.20694804907587885, -0.18520877799345883, 0.6309658177985543
0.207369513360935, -0.18522366992001071, 0.6304607143583109
0.20694924348174024, -0.18556865003947, 0.629969053818951
0.20767324867532805, -0.18534536443127717, 0.6313542982170485
0.20729791065675648, -0.18507558873872504, 0.6304103968224061
0.20685443043375404, -0.18537248741958712, 0.6310951288598972
0.20738772016778723, -0.18505415794968386, 0.6307851209459892
0.20704213849153105, -0.18520102300123678, 0.6304328948404782
0.2076441281151889, -0.185113747947025, 0.6311834510573783
0.20738948941322324, -0.18526633172383966, 0.6309965025294737
0.20748224835328588, -0.18549338154156245, 0.6303593417906311
0.20743186542901682, -0.18527128424030984, 0.6310781967987023
0.206979889290916, -0.18522459570856867, 0.6297425408604281
0.207193321777089, -0.18509351700681834, 0.6299917930477102
0.20735612668177555, -0.1853063259207648, 0.6306846413122763
0.2073204375508904, -0.18523645162146274, 0.6310631815522488
0.20715180109331177, -0.1852973270169998, 0.6299213922312786
0.20727649497468167, -0.18497876606892433, 0.6313448755630439
0.2073645141067007, -0.1854607323318273, 0.6300818502306228
0.20740349994553978, -0.18514956454154236, 0.6304989785627934
0.2074888206544076, -0.18531219468393123, 0.6309519657655293
0.2070397734336752, -0.18500101161074614, 0.6313850607062971
0.20739925856473373, -0.18545678337326554, 0.6309482301377897
0.20766043533548967, -0.18529631428325585, 0.6305464108695307
0.2073007808552198, -0.18516701210469017, 0.6312241253375452
0.20714446033027856, -0.18537778125496998, 0.6300053252358835
0.207665985131242, -0.18504074369390322, 0.6317180125234382
0.20736125282930162, -0.18517614454938838, 0.6317463988476878
0.20701403813633656, -0.18514616626241645, 0.6306374878664588
0.20719082586275614, -0.18526903583969148, 0.6315101708841553
0.20834687669130256, -0.18509189524128186, 0.6302555399911227
0.21049895874551014, -0.18481598563276427, 0.630553159912236
0.21372348304541347, -0.18547330022324285, 0.6306929536185979
0.21497625977253432, -0.18592182682725977, 0.6307494687591713
0.21684391263915506, -0.18731707597726366, 0.629994387262064
0.2209526217529491, -0.18775817686344604, 0.630614166214653
0.2261181217405875, -0.18972865063042557, 0.6288869903087629
0.230747459829883, -0.19114732532297612, 0.6290465748577104
0.23273391141454292, -0.19187569521192538, 0.6281539927958212
0.2327341165498052, -0.192396910014003, 0.6277806076647153
0.2339986270778506, -0.19318345482240912, 0.6277879963629422
0.23414005941881658, -0.1943951121067429, 0.6284088879835844
0.23117057883591677, -0.19479895240381997, 0.6297153449691513
0.22656892835967807, -0.1933945306776345, 0.631870001862985
0.22595733962208703, -0.19342040643534972, 0.6313925366469877
0.2239907941896681, -0.19328350338467407, 0.6324097513767711
0.22199721586271565, -0.19225582799204802, 0.63227982194651
0.2203504010823555, -0.19136698251214615, 0.6333218602592687
0.21740614462412883, -0.1908858989865402, 0.63441719871544
0.21483037718811704, -0.1910313729983685, 0.6350786573948406
0.21293569222605926, -0.19117856002338904, 0.6357879875716449
0.21230237268359736, -0.19122314752064784, 0.6370233437663504
0.2109162071920518, -0.1909763909967289, 0.6365660745748404
0.2103929685290309, -0.19054709179842816, 0.6361106736020624
0.21028586999335014, -0.19030022241918462, 0.6368289182485453
0.21062559923694557, -0.19024830551617017, 0.6360937224415513
0.21059567463714007, -0.19017492880355094, 0.6367890792253188
0.21146122376539925, -0.19030733638990718, 0.6375718599914251
0.20954399222157705, -0.19034198900078247, 0.6376577817150675
0.20772572289537236, -0.19007553171393243, 0.6375036772206331
0.20546318781991352, -0.18951438054162492, 0.6390776991409328
0.20652439613591322, -0.1905926475958679, 0.6403514534661161
0.2065870547547524, -0.19081702251476287, 0.6405262087753694
0.2067463747456465, -0.19041778807095197, 0.640407502034328
0.20672221026325435, -0.19055489659469077, 0.640228165516171
0.2065987830949957, -0.19046837893726754, 0.6398607418563634
0.20656042019199192, -0.1907161255267847, 0.6398227680512455
0.2063962903447172, -0.19063365882913486, 0.6403237543442233
0.20701193184847935, -0.19066329574288182, 0.6397983334851878
0.206262390620657, -0.19081904155981133, 0.6389152641574972
0.20451289593748545, -0.190317889920144, 0.6406777281289576
0.20108530450639303, -0.18914975432543338, 0.6407211805290423
0.197328462429866, -0.18812039568144334, 0.6415924428229157
0.19710641977586602, -0.18692298798012413, 0.6414480590406925
0.1978187372380318, -0.18596662752101484, 0.6408385886913291
0.1973345427854495, -0.1866764626773852, 0.6419585771796722
0.19468404473582632, -0.18581971825583335, 0.6426740870308051
0.19405147808221646, -0.18594592011164082, 0.6426671325753329
0.19266393702806212, -0.18617478922134711, 0.6437331062173455
0.19054391790758654, -0.18603282273185484, 0.6435971403752611
0.18878906278799212, -0.18588514529395486, 0.6440252809667407
0.18785907399024418, -0.18590945587891564, 0.6452068238266222
0.18668706850012726, -0.18652103320231447, 0.6435729990206097
0.18516492568420242, -0.18694148580387399, 0.6447819139441034
0.18121132059858824, -0.186432415736599, 0.6451078023028368
0.17966019764237945, -0.18635094266540017, 0.6458211064293296
0.17813258716796795, -0.1855677834722622, 0.6467811065350558
0.1765773894851288, -0.18522718621173245, 0.6463064810781017
0.17477782085674123, -0.18476581301868908, 0.6478571343392543
0.17407747381805996, -0.18465284949363664, 0.6481315191112971
0.17235387117824788, -0.18402479946055217, 0.6492091191696341
0.17055040697071, -0.18342217831309623, 0.6480483413919136
0.16951962090732378, -0.18218780739985002, 0.6485874233457202
0.16920992232878, -0.18220422118884255, 0.6485539256515489
0.168253358396114, -0.1816375581129147, 0.6494761781647264
0.16734959316887998, -0.18082866775488557, 0.6491966237536619
0.16622270162438071, -0.1801166935433252, 0.6499429662527904
0.1651367987166023, -0.1798649307162081, 0.6505830354039306
0.16503441096686708, -0.1804307601990748, 0.6514518534939605
0.16448776979968846, -0.18168727153853365, 0.6534048349766792
0.16470213026983055, -0.18233658462318525, 0.6524736675736911
0.16487196778533172, -0.1828685396884761, 0.6527344649760384
0.16466627238808076, -0.1826981297366555, 0.6532414232740291
0.16487935252859068, -0.18266508706229853, 0.6536497456784908
0.16500399044489128, -0.18235906596593088, 0.6537288100436018
0.16481295385742523, -0.18263091392683442, 0.6517650221976169
0.16508634504547415, -0.18217987648109688, 0.6532454344237967
0.1639674757962811, -0.18197086325842057, 0.6532011964492436
0.16183683672740887, -0.1810658446134427, 0.6535909309658294
0.15868664986326977, -0.1794465059897964, 0.6540977695142528
0.1547586342133706, -0.1774023967836132, 0.6549837244473276
0.15163679646714934, -0.17519188946764133, 0.6539559713835211
0.14793047408497645, -0.17214128558263572, 0.656378711794178
0.14459295863760321, -0.17072518078885354, 0.6552031265476737
0.1414045043285365, -0.1688630008029985, 0.6560695568314112
0.13841009440590027, -0.1671174850307245, 0.6568622691961642
0.13695036665396182, -0.1663630566888548, 0.6569543946312468
0.1356130999542487, -0.16636696050751454, 0.6567836837728948
0.13459104422938445, -0.16628747295072982, 0.6569901350887948
0.1338443814182466, -0.16639819367971984, 0.6579847883426906
0.1325281954455986, -0.1675828280281243, 0.657471631400833
0.1318384314771709, -0.16694371013898057, 0.6582214884557356
0.13049826053445365, -0.16689135034189823, 0.6579100720176632
0.12976459177144928, -0.16691754709884501, 0.6580800042158386
0.1277375538123752, -0.16649987270511168, 0.6573086209536269
0.12689677492372795, -0.1665225592838996, 0.6570215899006588
0.12510643094286616, -0.1662303883202134, 0.6567487630782686
0.12408090816883192, -0.16680248059399885, 0.656634858607936
0.12314210191675237, -0.1667751188512794, 0.6571522693930093
0.1220454793386212, -0.1664647110320367, 0.6559183952077462
0.12137781968535061, -0.16635067911285398, 0.6548531160030691
0.12010106858594188, -0.1653624565889508, 0.6551819530545471
0.11962139923196659, -0.165329734706434, 0.6549365661470978
0.11907314952123403, -0.16553027413671045, 0.654116179145404
0.11862822014824427, -0.16456031325280188, 0.6540231532793862
0.11770260770866434, -0.16442900236638594, 0.6539996096497928
0.11690199751841046, -0.16413178344937276, 0.6532569110860806
0.11673605543055082, -0.16452043309206396, 0.65378685262943
0.11638387089665159, -0.16522417185184904, 0.6539453271918403
0.11625577768143201, -0.16590907811103245, 0.6549968674508296
0.11648335145145611, -0.16704242716897186, 0.6564875690096824
0.1151577742903209, -0.16682807145423448, 0.6581711072741347
0.11304174606906152, -0.16773565306263863, 0.6604235233169645
0.11227539205074989, -0.1675947536107067, 0.6613545494192578
0.11118520907388332, -0.16728567253020907, 0.660692425079728
0.11033924531228027, -0.1672908296642902, 0.6619004347965761
0.1091904262654616, -0.16707858667152858, 0.6626839045360087
0.10786807848242524, -0.16780621745912216, 0.6627168743283764
0.10620187444610676, -0.16805438113643603, 0.6637852736796899
0.10448699717465922, -0.16787871663248935, 0.6632521429959384
0.10326864335622485, -0.16765155799153356, 0.6628151183545365
0.1020482230816862, -0.16721346452679106, 0.6631059066527265
0.10139729749462698, -0.16674670228928273, 0.6630236096685858
0.10081902752844635, -0.16586630784271394, 0.6623568466207991
0.10120069742638818, -0.16503506546108934, 0.6621812214362138
0.10181456969788556, -0.16542933317735836, 0.661849554168645
0.10509204530723869, -0.16614248909439594, 0.6613263461933474
0.10812759968581563, -0.16677962134967525, 0.6603538588117753
0.11062653656389645, -0.1673236223856007, 0.6596084887238104
0.1160468967844258, -0.16909296921128503, 0.6581233445803532
0.12038783116489696, -0.1709126096834746, 0.657602088528812
0.12391659120845319, -0.17579050697136664, 0.6574509139185868
0.12373260960430191, -0.1772258144266686, 0.6566693295690659
0.124135667909353, -0.17788603605451567, 0.6562641034848037
0.12451118821208025, -0.17840816657620262, 0.6572309805485752
0.12527756940304371, -0.17976879302961335, 0.6566691037455131
0.12672226972265976, -0.18030397936647702, 0.6560810036111067
0.12664990448884844, -0.18108668179970552, 0.6569590933562525
0.12762374640289426, -0.18093795234400958, 0.6565126330757695
0.12815999207848042, -0.18164982612996217, 0.6563810243811128
0.12869692286041456, -0.18210472543947204, 0.656210528340388
0.1291452559463215, -0.18196795203434477, 0.6563624724008044
0.1292165574208318, -0.1818275858681676, 0.6574457858758211
0.12910291515856684, -0.1810086212456663, 0.6570234245110417
0.13018937503425848, -0.17990962598644045, 0.6562428974218005
0.13069582968288695, -0.17916946798991384, 0.6575093785584368
0.13151897829155573, -0.17935547869782084, 0.6562555396989672
0.1331216288994296, -0.1800959132881347, 0.6566093906223163
0.13452681009001488, -0.1808158366285597, 0.6562744971713261
0.1372103830204149, -0.18206128893739773, 0.6569458027167149
0.13852048583750337, -0.18349671002858417, 0.6569538069615136
0.14106887842604357, -0.1840271857508338, 0.6569713862373172
0.1418485571103168, -0.18462957119421625, 0.6557711923898181
0.1435311779724787, -0.18497851451346536, 0.6555464606784358
0.14576306710213816, -0.1853113817030137, 0.6552951593979413
0.14747193372672104, -0.18581939963430086, 0.6559530195660352
0.14845994413864738, -0.18678814732828858, 0.6549407966860882
0.15006789233525786, -0.1880046555585476, 0.6550309524366243
0.1524041392674358, -0.1880644130155158, 0.6550895217688354
0.155038191250338, -0.18743969571143693, 0.6547059647037329
0.1561814079207768, -0.1862189283281964, 0.6537452833746276
0.1572339286398004, -0.18574467329396793, 0.6539773704808064
0.15924172903916287, -0.18552482680726956, 0.6535892920614116
0.1598783547481773, -0.18419931159275169, 0.653813610261723
0.1603621993614521, -0.1836852968876293, 0.6532233859026518
0.16095548771654183, -0.1828106617482163, 0.6529883127872429
0.16185328609063243, -0.18143796791460323, 0.6536430525914788
0.16214840835359248, -0.18077984239365735, 0.6542456761939329
0.16199647932416764, -0.18111618600033916, 0.6533578028289746
0.16226575145695096, -0.1811490020221669, 0.6533453950967376
0.16244410535832446, -0.18131528121113655, 0.6536807907694064
0.16294546023303264, -0.1814295844228392, 0.6537169760453125
0.1630132819119468, -0.1812028991248193, 0.6532392425913672
0.1624373674396734, -0.1811240654071927, 0.654210244325848
0.16218755239114752, -0.18119145618451682, 0.6533168231890268
0.16297452631224726, -0.18164420771588566, 0.6527987868954861
0.16279074712450103, -0.1815597167097151, 0.6542843706215502
0.16391721420737818, -0.18303132488745835, 0.6530949420413417
0.16501926293266453, -0.18356035837489543, 0.6512405820723881
0.16708374843069318, -0.18382054981882429, 0.6515854049211092
0.16881440438215337, -0.18468312210279933, 0.649983023187677
0.17064746268538775, -0.18558662551839986, 0.6517014220243181
0.17224865118745158, -0.18647865792233656, 0.6519517266043565
0.1736900177590624, -0.18791360911826097, 0.6507493662156438
0.17582477543821487, -0.1881958236513018, 0.6499342670002615
0.17723971210618283, -0.18932270803835605, 0.6507872861997205
0.1787689094794119, -0.19163412016976686, 0.6494449174378149
0.18040179518849248, -0.19448245168407344, 0.6485811435622245
0.1806691549914789, -0.1952897741679846, 0.6491717207514264
0.18234872160396948, -0.19611537087404218, 0.6489260952141491
0.18296622711758045, -0.19665981497707444, 0.648665460441963
0.18380923973324506, -0.19750518722814772, 0.6479974019538822
0.1842404811605165, -0.1983838162797296, 0.6476758221536428
0.1850479031611046, -0.1998806582599389, 0.647270537593208
0.18642468943150345, -0.20096430979198338, 0.6474536092525702
0.1866702104086011, -0.20175560339028586, 0.6472446654868799
0.18912446886226342, -0.2014941304350493, 0.6460201636822916
0.19088088289182165, -0.20048527307659286, 0.6462762674237985
0.19238927803347186, -0.19926834345913447, 0.6448102414862135
0.1933520551990668, -0.19814813264065959, 0.6447727044653692
0.19422209452767752, -0.1987072597608053, 0.6443574156062486
0.19494610915270533, -0.19895659811746613, 0.6435242497400642
0.19562696177281033, -0.19823012875146506, 0.6434945546667429
0.19715324322271413, -0.19859951064195744, 0.6439200666215645
0.19842678226858448, -0.1991632371152332, 0.6435721432585344
0.19906375219232705, -0.20024747093123746, 0.6442140080857301
0.19892494554434836, -0.2008194793911223, 0.644609578235764
0.19849606389963487, -0.20036718943561227, 0.6450461364592883
0.19843261214256422, -0.2005565627517723, 0.6443272205124974
0.19839646598257785, -0.20062256743380036, 0.6447839837033899
0.19800651529616423, -0.2005775651340963, 0.6447623035205845
0.19799770251737892, -0.20096271205517405, 0.6444874261523136
0.19808739786788976, -0.2006447508394746, 0.6442083390933135
0.19911451112037964, -0.2010197020265544, 0.6442466451665722
0.2032670187105735, -0.20207512712018214, 0.6447943240257697
0.20600774365270053, -0.20229842369399217, 0.6438292230153762
0.20844632699724228, -0.20321046742403157, 0.6438697784464341
0.21002837638388697, -0.20362660864433124, 0.6445795958704537
0.21243503670062006, -0.20481319532676137, 0.6440889621315924
0.21318850131088657, -0.2060668769031863, 0.6423851050831394
0.21546523201507078, -0.20758643769832855, 0.6416748264773317
0.2176419481408502, -0.20843820472081487, 0.6406868386885785
0.21963778429600572, -0.21001720621359968, 0.6408297103602499
0.22154904854389545, -0.21067425526040057, 0.6410003422156952
0.2239114942425826, -0.2124673236872549, 0.63958817103996
0.2292088551089964, -0.21268738566262635, 0.6406942391150038
0.22941132872500025, -0.2119880967531674, 0.639496779882923
0.22874015617881593, -0.21117990012399504, 0.6403106107411991
0.22833895906667864, -0.20949646089026655, 0.6402444320792183
0.22725550980952336, -0.2078579643056511, 0.6391735549655176
0.22634050233145447, -0.20551987248500242, 0.6389273856576921
0.22560127717809383, -0.20423027114732925, 0.6393601329706943
0.22710575404267713, -0.20332828945136874, 0.6393821739736247
0.228501058651911, -0.2034379769499436, 0.6395934851889871
0.22986931613512185, -0.20387599596896505, 0.6385792010194241
0.23137038976797605, -0.20316034975926148, 0.6390168886145745
0.2329859652003427, -0.20227338336700018, 0.6385304246100956
0.23358651564331168, -0.19875484734694332, 0.638951305562918
0.23431852477873594, -0.19756028447839274, 0.6387723423308409
0.23433698893812602, -0.1953850407887781, 0.6390757006105664
0.23427805158091203, -0.19319129318798, 0.6385611520679781
0.23465905096738202, -0.19167683928936285, 0.639115179252839
0.23622931341315223, -0.1892329005028983, 0.6377639551907743
0.2368417438056737, -0.18864230292749684, 0.6382846152367284
0.23764533957216924, -0.1873428511353946, 0.6382731433179846
0.23897230986088552, -0.1869565054633056, 0.6377130065682882
0.23924121968832524, -0.18617539666973154, 0.6369577072805873
0.24045817859160803, -0.18474285907029922, 0.6372133755318861
0.24074051490418055, -0.18520904512699443, 0.6366245139381386
0.24306209926938452, -0.18550705971346101, 0.6360809347457776
0.24465311621921385, -0.18443663631768512, 0.636501389851922
0.2451874948104942, -0.1836814801803354, 0.6358855495266827
0.24491311306965963, -0.18372339685429598, 0.6355221633049248
0.24376096809371955, -0.18481023188731655, 0.6358087085353976
0.2434583368817144, -0.1850925325752681, 0.6362522364570172
0.24338820677669093, -0.18484881253869836, 0.6372975839569682
0.2440297287844755, -0.18468303688230003, 0.6360369594586411
0.2437113690351652, -0.18481973636095983, 0.6364596865240622
0.24595651245938396, -0.18513879679126027, 0.6363238586119221
0.25129107672949436, -0.18581504701508272, 0.6353288027103657
0.2547696243789964, -0.18633454350998926, 0.6341136283172149
0.2578912399549455, -0.18710884827943056, 0.6337653142309879
0.26188288123477815, -0.1880514544030123, 0.6331801616865825
0.26376016372667116, -0.18869364798021424, 0.6317923974220672
0.26575206129673146, -0.188831336470821, 0.6314818585552634
0.26700439866402137, -0.18866649939376973, 0.631280444398518
0.2684557689958796, -0.1896387800040023, 0.6312206886274142
0.26901016811513745, -0.19035952628673694, 0.6310477706795885
0.2699060468417299, -0.19047727368094047, 0.6310613330427438
0.2707035937872671, -0.19133780431049527, 0.6316235935183667
0.26997127025842876, -0.19025643109706145, 0.6310405812827433
0.2697403096368451, -0.18956770505693185, 0.6311827377624042
0.2693171952558726, -0.18841782571742255, 0.630566569791865
0.2698656328413577, -0.18838934957351694, 0.6317087339813753
0.2700499515514018, -0.18753647346698007, 0.632019388244084
0.27006756576067986, -0.18730743189644314, 0.6320356053749859
0.26988030709874655, -0.18716062290450278, 0.6323580902507862
0.27003498834818934, -0.18704693410376616, 0.6319359920999502
0.2705438030588735, -0.18741937737454997, 0.6316478445643341
0.27050880577786096, -0.1877050972978579, 0.6323813182274767
0.27086925072123447, -0.18795661615574397, 0.632152338508508
0.2705760896306973, -0.18534724582728462, 0.6289675625875569
0.26899862038398276, -0.18330968581736606, 0.6295716145426805
0.26838034059954197, -0.18194379045940426, 0.6299700180713036
0.26794042765093273, -0.18088720889399085, 0.6300745917968943
0.2677524865645869, -0.17954618415588952, 0.6299967730914157
0.2674090629750986, -0.17889639691152098, 0.6305422108122775
0.2671982714566292, -0.17907116557542166, 0.6303225010306641
0.26837389119104, -0.17818003133992572, 0.6305452821435521
0.26961310556248386, -0.17865658315053395, 0.6316032243337877
0.26966461344188347, -0.18032585980991725, 0.6318340048011156
0.2693983935786724, -0.18046395627013687, 0.6317137544665216
0.26924045725692614, -0.1801563143439812, 0.6312340925224439
0.26907307941749825, -0.18035095631444367, 0.6307484912291217
0.2693919178207868, -0.18012760494139676, 0.6320848644549252
0.26975160256598635, -0.18077333769013493, 0.6320097049043041
0.27099101666081626, -0.18137725851203607, 0.631708203392929
0.27401179306120854, -0.18158300261299098, 0.6307208994536619
0.27803911783833785, -0.18095540247955985, 0.6298556379465302
0.2797775844100213, -0.1786404607215418, 0.6298634714804353
0.27988091542116156, -0.1756527880520492, 0.6288073211944114
0.2798826769134703, -0.1724665353534445, 0.6291695000270457
0.2794028452280481, -0.16878818810928464, 0.6294284209960799
0.2792624454410556, -0.16786348589876074, 0.629061044596119
0.27829702501035264, -0.16691159581015594, 0.6289068073354857
0.27774921661664453, -0.16631890899510995, 0.628859722599429
0.27751469028107584, -0.16690991953151332, 0.6292572546872776
0.2778765933506039, -0.16633450077142273, 0.6286675684032851
0.2786451553309427, -0.16625246254506232, 0.6284232849430743
0.27935604733511343, -0.16641472762907128, 0.6289501647777487
0.2783979552670147, -0.16702020436889337, 0.6280369141197613
0.2760153377495217, -0.167977682958067, 0.6269930763678587
0.26851397226785273, -0.17090994700715037, 0.6284220058067786
0.2625446025052577, -0.17194058455287814, 0.6289019764500314
0.25772896614226604, -0.1712434038513078, 0.6297478980835978
0.25440157098124, -0.17089211202696597, 0.6310676846984219
0.252719217213221, -0.17003282204350575, 0.6314514534561203
0.2519084749998665, -0.17042100098041935, 0.6322802616282627
0.25043038585088306, -0.17102235798486978, 0.6324192969499968
0.24904422983496552, -0.171502877975455, 0.6334276705808295
0.24896166744226145, -0.17078643108981453, 0.6322167338141905
0.2486470660255239, -0.17025019198521568, 0.6318219300648931
0.24765427733804365, -0.17023867001138368, 0.633204811943488
0.2460021461837477, -0.16889123511331144, 0.6334395251315145
0.24350848561007277, -0.16882993535555357, 0.6348222225195653
0.2417179325814393, -0.1709225833607948, 0.6353510551478739
0.2414197354622574, -0.17284824875933016, 0.6356239562170414
0.24120035677344043, -0.17466814133234082, 0.6367007169233204
0.24181269229255464, -0.1757971244298412, 0.6363550549307868
0.2411463344803088, -0.1768767768965548, 0.6370289580745517
0.24003381731922946, -0.17600999790538344, 0.6366999637227281
0.23951909469254995, -0.17460555097649993, 0.6376187391022755
0.2392481096593255, -0.174545502565335, 0.638439374289903
0.23810196233870667, -0.17594260458645383, 0.6385412878055079
0.23622682228030728, -0.17720521099965564, 0.6395619663172855
0.2350441841133044, -0.17803520621924923, 0.6399755749022157
0.23510741230298776, -0.17804496045644436, 0.6397850421507862
0.23533967288704927, -0.17803893709149154, 0.6398353829582762
0.23560921233018534, -0.17806597166403573, 0.640670836783028
0.2359439653414934, -0.17801900623532388, 0.6395508824663688
0.2358801707757804, -0.17818173359645545, 0.6393757369157382
0.2357498218792702, -0.1780391800816485, 0.6400085249016371
0.2344534913439335, -0.1777966652904282, 0.6390217580626011
0.23016431116737002, -0.1773322760351369, 0.6380999669486425
0.22523973811750275, -0.1778426649555808, 0.6383974834601324
0.2217693256023999, -0.1805966711821031, 0.6404386257361503
0.2201645619522924, -0.18127860367787002, 0.6410013233436843
0.21803360922970755, -0.18165537703855814, 0.6389850672016765
0.21566240871767364, -0.18123936061587753, 0.6386574745958417
0.21253183841829987, -0.1810664561619928, 0.6390486593243676
0.21221764797735349, -0.18200135490669303, 0.6375466455321379
0.21316584478686232, -0.18341128433406437, 0.6385711680769637
0.21551700137359003, -0.1846043371835901, 0.63946963400328
0.21851457973997748, -0.18585716255279228, 0.6394456489283102
0.22032170656768674, -0.18632673521848422, 0.6401890997555619
0.22257337824691573, -0.18764685619360025, 0.6417787738531278
0.22552341443321275, -0.1895845240421571, 0.6411352451824516
0.22685376065344373, -0.1906411980406111, 0.6424371664012414
0.2288035590811423, -0.19082073926712403, 0.64180349376489
0.22901511321860568, -0.1904250320223559, 0.6439039467445244
0.22922732061045578, -0.189896779395584, 0.6436081176162244
0.22989460361502057, -0.18975004441801152, 0.644025384516933
0.2303348891153953, -0.18997075040272401, 0.6443155170636404
0.2304952749937007, -0.19059927488665898, 0.6452892476256873
0.23011155916521775, -0.19141222609043707, 0.6455308967828642
0.23063274338769554, -0.19215419942362957, 0.6458506269787564
0.2312874597292148, -0.1925395282187349, 0.6463377184100937
0.23234764395534463, -0.19369413379301242, 0.6472758362596543
0.23194763084731895, -0.19494093643671476, 0.6484058536664515
0.23245668892162302, -0.19601152860185553, 0.6488231419154825
0.23347292253643007, -0.1976268287340234, 0.6487678679426329
0.23419406295496026, -0.19874185825243365, 0.6494547979836014
0.2337697448380255, -0.1992373549146689, 0.6505476834923285
0.23424207606628042, -0.20048844990955378, 0.6507104477534029
0.23445030472625708, -0.20054256174178686, 0.6509182663947728
0.23434383972056969, -0.20092594687829077, 0.6517379614525741
0.2330794392293532, -0.20082699574676025, 0.6523579935101932
0.2325976493880545, -0.20072918013149696, 0.6521325485359625
0.23239284440041458, -0.20096987698015117, 0.6533892303520558
0.23172909849845594, -0.20032757779583793, 0.6531606282696197
0.23239618058236086, -0.20029096533055812, 0.6536675931361042
0.23331697464232967, -0.19993822503364894, 0.6533118120718283
0.23339692468868886, -0.19982529271233102, 0.6526695831282053
0.2335732282456647, -0.1997334381775222, 0.6529141238564746
0.234321566480042, -0.19976423089316434, 0.6532178647234611
0.23324652875378565, -0.19986600193850432, 0.6530320834195128
0.23256318301133477, -0.2011396084331379, 0.6532104605123727
0.23243030221916305, -0.20212121449027698, 0.6529937082373753
0.23232844491632432, -0.20320290892764203, 0.6540237280315521
0.23261835788167542, -0.2035012990181024, 0.6541367070948704
0.2297947197988542, -0.20349797217094556, 0.6486935968066614
0.22954641441474313, -0.2015557578884233, 0.6474604029011616
0.22858852058339352, -0.20036619336400394, 0.6474782214071751
0.22941634593314433, -0.19937641124466246, 0.6455198948451484
0.22987840838563223, -0.1986647680107039, 0.6455559576429537
0.2303062071601066, -0.1982641541791633, 0.6451062911057269
0.2313837444018484, -0.19679249690274575, 0.6449830520520338
0.2324486858160065, -0.1965416433977903, 0.6445804837635043
0.23348535726697647, -0.19572956625537516, 0.6441303557085729
0.2361397433331723, -0.1946881513294171, 0.6452251989508263
0.2379535236528447, -0.1953645413781535, 0.6445846645804062
0.23835025253120648, -0.19503204394313836, 0.643580349863972
0.23782705947395644, -0.19500473153761164, 0.6426586331999811
0.23776216765592137, -0.19567331665548562, 0.6439205525698779
0.23693218431510515, -0.19577104331696435, 0.644301919590647
0.23791688282290552, -0.19570927120900253, 0.6446065594109354
0.23789672683529664, -0.19559144192876302, 0.6445110038576851
0.23759626618698618, -0.19586277335378632, 0.6443019690628474
0.23695545132364165, -0.19460126421299256, 0.6445577388739167
0.23295413119699684, -0.19268986157300894, 0.6449679261310982
0.2311193891734838, -0.19258374789355295, 0.644840266996541
0.22826633020528836, -0.19141275806871247, 0.6468338152320188
0.22397263824466712, -0.19218994685935067, 0.6478736727051685
0.22228130332040766, -0.1923732018872489, 0.6491436795427562
0.22256598209276598, -0.19320467050829113, 0.6486386365572473
0.22266203113421565, -0.19397646341198924, 0.6484503233448092
0.2228081058960488, -0.19393375474396862, 0.6483104347528521
0.22222008954842104, -0.19410435732070405, 0.6481083055493112
0.22146182100891726, -0.19385963694738909, 0.6476278996677935
0.221453418835292, -0.1931359414162664, 0.6485596008940968
0.22052720418553992, -0.1932312129189081, 0.6489293901548402
0.21772792122605533, -0.19344731962690895, 0.6490858890471055
0.21498776746108592, -0.19491453578137918, 0.6499677571202775
0.21429707214739974, -0.19540401759284148, 0.6496906872918202
0.21293269025426176, -0.1961744118189379, 0.6496904279415858
0.2107244241055079, -0.19656087678081008, 0.649915475070835
0.20974293511126643, -0.19643554299867083, 0.649226812613776
0.2093594448246215, -0.19700915225517612, 0.6503932982934493
0.2087652516932332, -0.19681771693677946, 0.6501840100452551
0.2077518617717995, -0.19645529312322008, 0.6507463963039439
0.20728880499212196, -0.1965610379749956, 0.6506005580471004
0.2071398247051709, -0.19669326101262619, 0.6502444405999064
0.2063593224081763, -0.19657388121704616, 0.6500687511003759
0.20642788520200384, -0.19660041835721895, 0.6497496250215078
0.20647799256394764, -0.19630305386076452, 0.6499208214533969
0.20633716570406815, -0.1969180376241898, 0.6508014357448735
0.20719931564526184, -0.19733950498706332, 0.651206112351497
0.2072269057675407, -0.1979494196157752, 0.6502429003600204
0.2064547186551675, -0.19850579826435658, 0.6510084140997868
0.2064796808129458, -0.19939286241851917, 0.6504800962914343
0.20634066858373698, -0.19988108450223313, 0.6510722956609497
0.2066722469260628, -0.19962083181014123, 0.6505887552741829
0.20613387164751948, -0.19991138153530374, 0.6513337901129159
0.2063406278880109, -0.19983952211669934, 0.6511644738553027
0.206576238559522, -0.19971262453163358, 0.6519314018868474
0.20673189712477133, -0.1996998876831515, 0.6518603886044803
0.20632329606227676, -0.20000804981887413, 0.651205352828788
0.2064980308499974, -0.19977977661267055, 0.6509343131542336
0.20674260182249482, -0.19982877163643273, 0.6504203469945585
0.20678538091105472, -0.19969699619161585, 0.6509578781175153
0.20618384821049515, -0.1996156317474688, 0.6515331377583793
0.20662410233656003, -0.19983862879525582, 0.6519127035672775
0.20645379368164146, -0.19984626691267188, 0.6504019834588691
0.20656956857651768, -0.19959773511485948, 0.6507234685449684
0.20625327904071533, -0.19967519650345064, 0.6510449267306435
0.20650892165849907, -0.1999244323727548, 0.6508665541345833
0.20646424457786827, -0.1998261350689925, 0.651744706897168
0.20638542800781925, -0.19979280374670916, 0.6513394332988605
0.20651338165707347, -0.19983919087732763, 0.6509135781867759
0.20602955163198625, -0.19983220406268323, 0.6513240722400659
0.20636579125492538, -0.19997301160429187, 0.6514906090197816
0.20617506845788494, -0.19995448244347205, 0.6512128746837128
0.20668348723549249, -0.1997005170249388, 0.6511709654974187
0.20650441186495372, -0.19971844745924336, 0.6506482029037196
0.20658977873908096, -0.19981781916683586, 0.6507787910113209
0.20666720517521736, -0.19968874985832022, 0.6503512362184329
0.20680878516456716, -0.19970714161025704, 0.6514735220043815
0.20673552126043152, -0.19990895622527513, 0.6507887187225282
0.20508635203153003, -0.19927197449806072, 0.6508721903907125
0.2011677851426893, -0.19877883746150654, 0.6506242625013337
0.1988627580464922, -0.19869631331430976, 0.6519183428930307
0.19817779882517947, -0.19808814768295852, 0.6518109752692801
0.19648119039032597, -0.19746128851899675, 0.6526748768861987
0.19597721891420403, -0.19657574214643198, 0.6532373415381609
0.19580441665782986, -0.19670820260064073, 0.6534929056528749
0.19555293295757975, -0.19687326441072425, 0.6527765141756534
0.19432790800345162, -0.1978813616250378, 0.6529421665605193
0.19296461342030927, -0.19908670861760877, 0.6530589246258174
0.19135559739782576, -0.20053681997928197, 0.6530265998291024
0.18973779867259177, -0.20127707659340582, 0.6535365569413695
0.18887959104543892, -0.20243206869216215, 0.6532642115828803
0.1882195062771957, -0.20310904911232996, 0.6535375473382998
0.1879944050878531, -0.20388737771755625, 0.6543214117663738
0.18784988028235075, -0.2038887767480878, 0.6535615739828391
0.1880289343725218, -0.20408892264432657, 0.6542981373598397
0.18731567047770856, -0.2042669126913039, 0.6553369368629712
0.1867706091741103, -0.20447184671799654, 0.6544127692234925
0.18622042709646067, -0.20245426248288356, 0.6537773516266363
0.1846346917380778, -0.20066855748978016, 0.6541079148615633
0.18386493026533723, -0.19945784603557082, 0.6536970211946096
0.18339997527970572, -0.19861611110735516, 0.6540597279780931
0.18290482317889503, -0.19852256657743095, 0.6543144335207457
0.1826278965903664, -0.19808991197746798, 0.653772973589588
0.18262481776014383, -0.19774898850103972, 0.6547539125185354
0.18218000777497806, -0.197605876305173, 0.6541704752690769
0.1819947654088007, -0.19758900822790576, 0.6543165058647177
0.18274200686078773, -0.19845735324930772, 0.6538252814470398
0.18289878212736196, -0.19905152450638042, 0.6532627325021578
0.18263161516264362, -0.1997462718629367, 0.6530359307102989
0.18199013089091418, -0.20023682095942624, 0.6541835331240117
0.18298561843433517, -0.20068355107898064, 0.6531358016462109
0.18291987137378693, -0.20147383622164383, 0.653488357454996
0.18259278663623627, -0.20188678078732752, 0.6530920621880182
0.1826375626629929, -0.20213399429950113, 0.6534440015494694
0.18289395151092416, -0.20235898217985027, 0.6531197045020438
0.1831503007682658, -0.20264887390118783, 0.6544981551493828
0.18343724889673507, -0.2024572610098563, 0.6537581148149841
0.18401493345520356, -0.20231726915396783, 0.6533722424048516
0.18406198987439923, -0.20242455549963387, 0.6534224110269417
0.18384264726427588, -0.20201496296934487, 0.6538848698959508
0.18367089924096144, -0.20248789509406126, 0.6537288512687078
0.18363309750082885, -0.20267344736586704, 0.6538322816485638
0.18310036698372303, -0.20152884499473386, 0.6529846906216296
0.18130358235320715, -0.2004341245102486, 0.6540413848928335
0.17904761994440999, -0.20051159973235005, 0.6544506834009439
0.1768467737407915, -0.20127131726315337, 0.6555239269157465
0.17554290511107726, -0.20191991025691144, 0.6542190059252848
0.17374385030360973, -0.20195633167959737, 0.6541380473180293
0.17334497900301493, -0.20216989862277343, 0.654808672319315
0.1711591972317406, -0.2020343417575206, 0.6558816327311152
0.16964161281421808, -0.20254053660611135, 0.6557127094936293
0.1677068401849102, -0.2021271918839979, 0.6553087506549627
0.16684321786917553, -0.20196554107315934, 0.6551296463757895
0.1665381072705818, -0.2015212515773501, 0.6561906494832781
0.16594282097316904, -0.2018184281596685, 0.6559932126819312
0.16585739706460947, -0.20169874897498574, 0.6550206882242731
0.16511843563011175, -0.20179154233726243, 0.6545074073174314
0.16451677279511126, -0.202014974374695, 0.655356375069429
0.16389193208404876, -0.20225209601045818, 0.656325230428755
0.16345812535038062, -0.20237037503848745, 0.6548982650245828
0.16369949804420214, -0.20193134569331334, 0.6556709166691822
0.16239651865106267, -0.20149938975300297, 0.6552773658071869
0.15993065380863736, -0.2005472297909493, 0.6555285695887723
0.15968248080525566, -0.19991812365954995, 0.6562855303716219
0.15899761175685914, -0.19841182051740866, 0.6561060874953982
0.15983664510888274, -0.19631795966417023, 0.6553981454547938
0.1594608894389903, -0.19475979671766422, 0.6560732812899668
0.15970704120932644, -0.19439820225106513, 0.6558804513947372
0.159809398593594, -0.1936344854523178, 0.6566734089239404
0.15872073617143892, -0.19213593638536755, 0.6560451733307515
0.15885343047216083, -0.19114005009766832, 0.6571841449628874
0.15842940803873787, -0.18957104923190476, 0.656910080384657
0.15852087985356203, -0.18907828989203032, 0.6570908690470446
0.15834231779493546, -0.18800344799607718, 0.6568756338435653
0.15784615439314129, -0.18659171226161603, 0.6585279554162998
0.15749976444348052, -0.1849477798738298, 0.6585156621481963
0.1571802344143931, -0.18407691471815568, 0.6587388765285237
0.15684089237879253, -0.18278221095596017, 0.6579578021100717
0.15703854167121217, -0.1820546877218758, 0.6578371172322268
0.15699107353176064, -0.18147915668808168, 0.6572268635901032
0.1563545468470716, -0.17965398487426934, 0.6570071803379514
0.15558574820086915, -0.17780279680784142, 0.657461653041413
0.1552074333869815, -0.17634012245254868, 0.6579358624254275
0.15489658001688986, -0.17543869894679137, 0.6589204470644837
0.154319645290327, -0.1739665628658293, 0.6587708285040946
0.15406964189460468, -0.17229952353167682, 0.658468729054603
0.1542716398855362, -0.171629323587513, 0.6582958253543465
0.1543245308108694, -0.17063450867643812, 0.6588376946220338
0.15359780081211286, -0.16945744320382694, 0.658208671425918
0.15323180682556253, -0.16813351215916092, 0.6588728533597471
0.15294833871062233, -0.1674575095285672, 0.6590515119079078
0.1522869322866967, -0.16614491702602188, 0.6595530517341198
0.15230037965143292, -0.16516294121041789, 0.6594741844254305
0.15219573121216437, -0.16384113759357125, 0.6596338726986272
0.15054711969739165, -0.16287847835353522, 0.6599607835170984
0.15072255620276942, -0.16055930438319563, 0.6603147827784525
0.1507896225427657, -0.15971032170292085, 0.6607631858446754
0.15010494592143334, -0.15892009061863147, 0.6613748807907578
0.14983877288814357, -0.15811282918470052, 0.660196784145601
0.1489298989238395, -0.156259700096207, 0.661603174251722
0.1476489103462658, -0.1547723300746794, 0.6616799194258707
0.1469535841208806, -0.15277064502007892, 0.6614183051439138
0.1458099637631225, -0.15200221548724083, 0.661670970908525
0.14472879484158582, -0.15092726671349121, 0.6622052470575022
0.1446507177310334, -0.14982501940075427, 0.6623520347307561
0.1454872278753437, -0.1504275528795571, 0.6627087783563312
0.14605139016743368, -0.15113784475999628, 0.6629645068627092
0.14616977976669926, -0.15146470917699575, 0.662728349523424
0.14608776545136887, -0.15130898089208544, 0.6631354161741001
0.14625874964254174, -0.1516697414525654, 0.6624641246412871
0.14646138603958667, -0.1517006581170031, 0.6624175017146129
0.14662539603721736, -0.15168309460357676, 0.6619749096093832
0.14602817277779592, -0.15170821211404262, 0.6623372663234871
0.13900955675780516, -0.1502315429833669, 0.6622251505048405
0.13399532232636824, -0.15003435990819447, 0.6619019274236599
0.13165535470586598, -0.149465432279235, 0.6624621478813689
0.13000705207103458, -0.14910642746841896, 0.6613046462135186
0.1298865900302209, -0.1475076974954519, 0.6608695035874731
0.13006184842217636, -0.1469558163593343, 0.6607398477988096
0.13004842977079728, -0.1465241607906439, 0.6615396633581925
0.129071527028348, -0.1458050134418826, 0.661008784760107
0.12799564560713675, -0.14542821782814017, 0.6611042564073528
0.1281695104000458, -0.14472615148267817, 0.6605164963574538
0.12842444685565196, -0.14451667066286258, 0.6614980445441799
0.1272641365307451, -0.14546908963829155, 0.661879543908748
0.12723443629655157, -0.1464803406336601, 0.6619502022645317
0.12788361569787918, -0.14719509011049908, 0.6635345821121703
0.1276856619769557, -0.14842176538578686, 0.6634521171100326
0.12764246346163607, -0.14966036293479595, 0.6635792061676722
0.12795388723425855, -0.15085848633986396, 0.6624376773230806
0.1267178748873869, -0.15227231929796148, 0.6633966502035606
0.12632201142792548, -0.15380014099956035, 0.6634999614765487
0.1259001350713421, -0.1543927213908379, 0.664190363088201
0.12479329768251249, -0.1542641526469924, 0.6645628189613799
0.12503605717329477, -0.1548158891323797, 0.663728376263349
0.12359448334728598, -0.1559051011187264, 0.6638268199132773
0.12194712275489858, -0.15582445220315766, 0.6636646846078412
0.1202210113330082, -0.15565921652179227, 0.6645020153946279
0.11823972636434053, -0.1550477884170532, 0.6630782347521431
0.11741296944234265, -0.15473489114693917, 0.6640059927889861
0.11727331904966848, -0.1540472198979026, 0.6629259778315084
0.11675487342974071, -0.15389000749666593, 0.6631362164884994
0.11585395731923985, -0.1535021248321869, 0.6637473997910466
0.11505837979683893, -0.15353473560959216, 0.6646117248207013
0.11465066001027434, -0.15334161858907164, 0.6639797704273879
0.11402556535847287, -0.1538894509900795, 0.665015844995788
0.11310830091320881, -0.15430266529194853, 0.6645980491034066
0.11175010484215119, -0.15513770891961545, 0.6654305865117973
0.1111273944286125, -0.15594273350873364, 0.6668731248553352
0.11220450898968927, -0.15740696704591672, 0.6663296386252072
0.11175191819401703, -0.15722648656270788, 0.6660222103819892
0.10830035855223066, -0.1594294862417616, 0.6714845145236104
0.11004333565901976, -0.15894334816932087, 0.6705005479201257
0.11245412401793455, -0.15732978781633697, 0.6711972436251961
0.1145745478331241, -0.15661357229636688, 0.6707445613569046
0.11624890406124083, -0.15620167248242353, 0.6720020459364814
0.1180047018892204, -0.15582417698641918, 0.6727512526784
0.119788987696628, -0.1560653340944079, 0.6728991507483226
0.12057459889329415, -0.15627827655626142, 0.673595473274785
0.12060581019942038, -0.15672953692492694, 0.6745553624493706
0.12115886554549365, -0.1569894746377524, 0.6756461360181324
0.12217742248345984, -0.15714505074875057, 0.6751308740868085
0.12253716182388273, -0.15738936120495545, 0.6749191409333356
0.1207612220224143, -0.1585766364687599, 0.6753005804151241
0.12119663562402329, -0.15801213071851694, 0.6755083500075685
0.12108923028894325, -0.1585261156666285, 0.6760065184016317
0.12064691035369968, -0.15819284181906326, 0.6764820767333775
0.12108231258652578, -0.15837352723415102, 0.6764471997196873
0.11958088982188962, -0.1580895365006687, 0.6752723280264553
0.11733285291865565, -0.1579918002139897, 0.6753056045739201
0.11713646976299774, -0.15688831736854578, 0.6748340519012215
0.11623691763513874, -0.15580841905734422, 0.6761974746677496
0.11676259138660539, -0.15427945624071063, 0.6755274509047308
0.11819134526602101, -0.15336554795561747, 0.6786750237165228
0.11957720781037964, -0.15278824699579197, 0.6790957945976887
0.12188338021226183, -0.15204191582289173, 0.6792027866432941
0.12465962026577859, -0.15113549259126507, 0.6820085295803198
0.12586419457353806, -0.15137598995087018, 0.6812656276568874
0.12716648931306826, -0.15143511035599724, 0.680626503398468
0.1268285108742742, -0.15081556854868597, 0.6811016520035783
0.12694904414685507, -0.15083663269169253, 0.6816880714015585
0.12649057356924595, -0.15097655525044407, 0.6822910724997526
0.125955304102561, -0.15117488963383674, 0.6829250073128126
0.12592342555432556, -0.15193178043757483, 0.6836358329886617
0.12661162728966502, -0.15232706605161497, 0.6831885325490891
0.12819394770350268, -0.15208543035770972, 0.684777202153586
0.12882943437446442, -0.15239439125067786, 0.6844746418229611
0.12931531462939072, -0.15249673969966632, 0.6856822727369419
0.12979916441060177, -0.15237257763567133, 0.6851486482846796
0.12926910237832334, -0.15179783394438773, 0.685573491060535
0.12898991174702837, -0.1511093618026142, 0.684430824515392
0.12824812849201475, -0.14968047549898442, 0.6847826514274088
0.1282535220407354, -0.14888836855848286, 0.6852494205699612
0.12862471641540532, -0.14869513465611767, 0.6853125153236514
0.12947688929968695, -0.14882755169521036, 0.6852717099538508
0.13007814996725248, -0.14878174400400926, 0.6859964628200185
0.12976226760722145, -0.14918982487191562, 0.684719997584251
0.12983435424804923, -0.14920321449278626, 0.6859547298402988
0.12997007196706822, -0.14873242560497685, 0.6861407408264211
0.12973075445662033, -0.1488319983662936, 0.6856542603918042
0.12758198301806878, -0.14990072617837066, 0.684908427909858
0.12673728202867443, -0.15039179416995388, 0.6873926629124008
0.12480258320847698, -0.15036480026383717, 0.6872621083002243
0.12547598815447736, -0.1499026475778939, 0.6875000530316392
0.12572839657270782, -0.1494022077879741, 0.6908779082559504
0.12509750267770603, -0.14989845030645682, 0.6896208338874635
0.12383835510828328, -0.14926165046034565, 0.6906292809115654
0.12387539270249935, -0.14895161332362047, 0.6910907182357492
0.12434300944703734, -0.14828259268257607, 0.6917510609482805
0.12412369418953645, -0.14806375579689937, 0.6929431691769554
0.12331969021510596, -0.1476040111483238, 0.692376085630194
0.1211779042788932, -0.14705034904778172, 0.691217974542684
0.1191189558488775, -0.14672803449604277, 0.6907592714981041
0.1159749286391503, -0.1458897308441671, 0.6895774822019575
0.11402084383136493, -0.1455882022364694, 0.6884347717053897
0.11089580624249298, -0.14526087905531038, 0.6865354702844992
0.10973944631987162, -0.14385891554867603, 0.6883705842998007
0.10933721104913423, -0.14402720341459435, 0.6878546274970816
0.11037419381681986, -0.1439035103736756, 0.6878420278453925
0.11052268336854085, -0.1430869002925646, 0.6889007977117932
0.11152795375790844, -0.14297949689662068, 0.6893553193902725
0.11525168408922148, -0.14337462818331984, 0.6912536659566223
0.11777642826254779, -0.14410906220607989, 0.6911466214528356
0.11930460864332765, -0.14492406385138157, 0.692141774754181
0.12258018033657479, -0.14562753653770139, 0.6915824162418437
0.12386022737929338, -0.14623802402939937, 0.6932237565662464
0.1260149469440715, -0.14676411085228633, 0.6933396664509708
0.12732257124918503, -0.14801817681957805, 0.6937997168760702
0.1282747983211999, -0.14848848379210933, 0.6940944387499203
0.1296887049848855, -0.14894758777786274, 0.6941039459784849
0.13161127978439505, -0.14792994866880127, 0.6950178096335377
0.13342673381992448, -0.14853558014362941, 0.6952456257423597
0.13407602527378817, -0.1484811781489386, 0.6952268713162725
0.13347694199836752, -0.14772826280005596, 0.6941333491913548
0.1279035877109697, -0.14752671701026185, 0.6943792060658384
0.12768570323453493, -0.14775882934834417, 0.6956571160949093
0.12734538491204941, -0.14768073160508924, 0.6959787466537135
0.12758098260439882, -0.14761862521468774, 0.6960066076039565
0.12608254388216805, -0.14863981799459544, 0.6936474573318994
0.12579720432844532, -0.14982370699431824, 0.6944219011184528
0.12500198799744003, -0.15283252991339036, 0.6920999285805015
0.12503963843076027, -0.15505843556712323, 0.6919491642124882
0.12657455017355226, -0.15753716157513314, 0.6927311247708253
0.12752041077928128, -0.1591034135143772, 0.6938042761328799
0.12822794320782355, -0.16136979907142054, 0.6940872254105479
0.1288276239265268, -0.16279692290926037, 0.6936485168449973
0.13022325832430223, -0.16395132662682566, 0.6935282352599766
0.13073572951291298, -0.1649772250727239, 0.6931240409141574
0.13178230342922398, -0.1663962296604849, 0.6938919552335248
0.13316266037301977, -0.16764368097047752, 0.6934215737803092
0.13317257836855675, -0.16833348369194692, 0.6947050994305165
0.13404757702956033, -0.16824419491019604, 0.6946891787873926
0.1348373112206972, -0.16868295645846115, 0.6945357477359491
0.13616590985660793, -0.16864061001085692, 0.6938653396901521
0.13698680992001763, -0.16828955020548222, 0.6946388471834819
0.13818500726829527, -0.16798827017157716, 0.6948258490008824
0.13954947252520544, -0.16740981816647038, 0.6939318476729963
0.14116570429103045, -0.16696673440254112, 0.6936052447737194
0.14231281038064933, -0.16672680664046347, 0.6943494073718
0.14291328419027274, -0.16763522931082547, 0.6940211635297645
0.14309170046122266, -0.1680428771549255, 0.6939944383768455
0.14360261245835795, -0.16937004241946965, 0.6945322834523087
0.1445464208522052, -0.17037021714064854, 0.6940602128042148
0.1455495058562649, -0.1706322344088933, 0.6945597649928504
0.1471760788342877, -0.17148074819412004, 0.6938159159394542
0.14832296826997823, -0.17216815375047617, 0.6951971482935778
0.1485461390855804, -0.17326841258376022, 0.6954839344171285
0.1490900700530008, -0.17399814988488937, 0.6956693455781883
0.14921914880325282, -0.17459727802353145, 0.6956432914422518
0.14939641640268037, -0.1747303437816672, 0.6949665167219992
0.14815976614746806, -0.17426620974604726, 0.6953412761923304
0.14669566665968614, -0.1740421289578168, 0.6956662964557255
0.14595741491712713, -0.17376081090914844, 0.6945694436642599
0.1455461444326059, -0.1737742249567409, 0.6948340799248524
0.14669801926491668, -0.17418164986164042, 0.6953266225494432
0.1483320541842094, -0.17274164520674748, 0.6955234846114016
0.1482812956067848, -0.1721312773099577, 0.6953749117080996
0.14785058755153507, -0.17064644768225584, 0.6950928285368411
0.14767868561480965, -0.170103734217456, 0.6950768272092832
0.14716751404261635, -0.17004134836814605, 0.6948915495026619
0.14672120412025927, -0.16958711984150499, 0.6944604263457417
0.14637234164395038, -0.16931375371797863, 0.6953834918270075
0.14593677590385493, -0.17010084729938996, 0.6938993713963891
0.1464581763574686, -0.17061455363983363, 0.6958690022135166
0.14652437596622012, -0.17031705177237247, 0.6952775224011098
0.14591856573106463, -0.17051142553647108, 0.6956360334187868
0.14631075146059738, -0.1707169766826192, 0.6946253519073522
0.14657751408716066, -0.1702377703730679, 0.6947315320371037
0.14662598139289384, -0.17085549568257705, 0.695657704886003
0.14591723553965594, -0.17025411291312179, 0.6951261213069406
0.14455321509737773, -0.16868702919212877, 0.6945380273768299
0.14534073431668643, -0.16788569106119286, 0.6953375263630093
0.14748311260763092, -0.16697783106906736, 0.6963863886092003
0.14700690897480345, -0.16575823449029167, 0.6963241615482503
0.1454059314698218, -0.16507075190478646, 0.69787366321982
0.14427687467892975, -0.16501003375643372, 0.6983506426204424
0.14416536962691087, -0.1647928146243738, 0.6987685257782141
0.14197922165260707, -0.16547195586929245, 0.6990714800241408
0.14087646555431582, -0.16691763102131119, 0.699727388539273
0.14085631833760984, -0.16810806694996183, 0.7000890480946363
0.14100206070710927, -0.16947638527030692, 0.6997029849581285
0.13998484923446056, -0.1710113405358423, 0.7000028091569004
0.13907770781748494, -0.17276187060262327, 0.6996858062274434
0.13633397951675535, -0.17475843162279675, 0.7003245425624305
0.13612802479668312, -0.1767816212180874, 0.7001772647417221
0.13407581471263708, -0.17956815993992722, 0.7012486503494433
0.1328032709635615, -0.18079393742694277, 0.7019555281848083
0.13168035997167174, -0.1814974218343401, 0.7014822292254727
0.12869622617018234, -0.18252821936139, 0.7024702763345938
0.12776507404225235, -0.18365172818041664, 0.7024320786308046
0.1261877608855585, -0.183448054414319, 0.7027197540887866
0.12510826658153812, -0.18344401231587232, 0.7032579106113025
0.1232743198541431, -0.18379109740325453, 0.7044041839700751
0.12255622526408409, -0.18400515495767922, 0.7045117807586045
0.12144147690961422, -0.18464126687038976, 0.7047603422770649
0.1205172855843279, -0.18501698341969552, 0.7052308161607796
0.11982138597421294, -0.18490373448619069, 0.7058594933591454
0.11903159733538339, -0.1847723641321154, 0.7068617890486258
0.11695941334384936, -0.18572572073596905, 0.7083942170004958
0.11660509184974924, -0.18620182162808369, 0.7087577239639923
0.11637791789042008, -0.1868946041879219, 0.7082950177036936
0.11543897433188903, -0.18740429353158689, 0.7086395976723705
0.11429702565491491, -0.1881853439705423, 0.7092439474064272
0.11438604675100299, -0.18952534633897025, 0.7094819286039883
0.11327572976525373, -0.1911154896412844, 0.7093339862987265
0.11265337239878122, -0.1923692752748844, 0.7094205032795914
0.11178237799614894, -0.1932376986632174, 0.7093842882437595
0.11059970900493121, -0.19394545968754986, 0.7098594944461615
0.10495187326501697, -0.194256102752967, 0.7095697492737159
0.11012669055376038, -0.19191629609246144, 0.7091209976150133
0.11340263239886318, -0.19033242338075917, 0.710341085814498
0.11962308846287475, -0.18918185738012377, 0.7102718193517374
0.12350192374497065, -0.1891335742872792, 0.7118696506803631
0.12475952615370099, -0.18901971374785026, 0.7117367222959823
0.12629343014824432, -0.18937174814090402, 0.7113287909592885
0.12741360962777903, -0.1895362082171971, 0.71261261473766
0.1290456520307619, -0.18986346507642532, 0.7132478319805609
0.13017512977474838, -0.1896127344937116, 0.7133608438861702
0.13086605556830988, -0.18843786035370724, 0.7134157633996622
0.131991677256371, -0.18775660503328562, 0.7141228347332754
0.13252314965088166, -0.18747022060179658, 0.7146179451180806
0.13276678944160958, -0.18703011774413103, 0.7143899074711083
0.13325478899422047, -0.186911110086247, 0.7152753379174238
0.13274636233889187, -0.18667919809648836, 0.7145886571280324
0.13265562766692077, -0.1866229079276898, 0.7149429276571208
0.13214256795114562, -0.18631229004605768, 0.7139310050998101
0.13200288250819703, -0.18639085868251298, 0.714965098373839
0.13198008200663144, -0.18608708886636613, 0.7142572155834686
0.1321338856673076, -0.18605821514509904, 0.7153075815783053
0.13207352703316677, -0.1861450505412196, 0.7149333723123277
0.13199883738347915, -0.18619270594385182, 0.715720714103717
0.13087324681574736, -0.1860500694347679, 0.7153125689931422
0.130535915985348, -0.185531911162602, 0.7141708064778953
0.1297862542333766, -0.18495411207786913, 0.7150000340995071
0.12927362107325746, -0.1847876879575572, 0.714977462991528
0.12875700523663908, -0.1847029526738341, 0.7155120538429333
0.1278488588853875, -0.18394212329822082, 0.7150242657242178
0.12692164607861145, -0.18245638884978008, 0.7149757187622559
0.12703279337349824, -0.18146338961007827, 0.7161382530919344
0.12639081391556295, -0.18148013533610297, 0.715565336462731
0.12591378256876212, -0.18039731090230282, 0.7152410290318524
0.12420776998945675, -0.17978972302452625, 0.7149952109911774
0.12511760775987915, -0.17952726522159712, 0.7136809221181672
0.12398257865020235, -0.17929168087750813, 0.7164692694252904
0.12603256544994218, -0.17922570870596904, 0.7156814349383502
0.1257355333983382, -0.17865547124418002, 0.7160012586342831
0.12545280835840555, -0.17775170742655044, 0.716042271204027
0.12384713923945304, -0.1774154452073517, 0.7165033362727129
0.12447030511209653, -0.176373506091703, 0.7157134254390933
0.12742229176726805, -0.17483087763670774, 0.7174020813744598
0.1290461240964405, -0.1738146396200467, 0.7190197502108131
0.13049141595262803, -0.17351188863155775, 0.7194464276601158
0.13056989975669245, -0.1731090443466663, 0.7181527444213832
0.13096673654646093, -0.17333939115999905, 0.7196741158624507
0.13083094368283485, -0.17368955234746253, 0.7192533524460344
0.12988661262654683, -0.17384011207446234, 0.7196258675567093
0.13059372637621766, -0.1745657806551735, 0.7199441528650535
0.131986268954985, -0.17493545262603585, 0.7212226683012336
0.13329747795518318, -0.17541984998624555, 0.7213563864628723
0.13410022860973822, -0.17578784170215206, 0.7212045659157917
0.13439433236037931, -0.17570390807544378, 0.7212321586447618
0.13610382645629593, -0.17536516446716016, 0.7223782330435663
0.13653704670728423, -0.17457967784647938, 0.7226542246959051
0.13661349513941834, -0.17457280681317033, 0.722788962986415
0.13668849505214256, -0.17162198141992263, 0.7237496983212679
0.13655597539280792, -0.17016475729887065, 0.7240971077326844
0.13676357772161876, -0.16953289656754178, 0.7243268245937622
0.1364482786781799, -0.16797719165707525, 0.7240502791323806
0.1353691274856691, -0.166957107680629, 0.7230117821562684
0.13466925611553368, -0.1661180077703836, 0.7253504126858896
0.13535635717873232, -0.16630297342049055, 0.7252797819274032
0.13665023563513418, -0.16853739766618575, 0.7253236211625158
0.13817124013612997, -0.16962066999781192, 0.7254630954992135
0.1386196874308347, -0.16967558213369266, 0.7245918973922059
0.13864482606976328, -0.1699168336577165, 0.7244420621335743
0.1387381765499636, -0.1700004221140245, 0.7252617473446221
0.1387428007884615, -0.16985067240499324, 0.7254540596488284
0.13835722111663026, -0.1698954327538931, 0.7253272573175744
0.13788979877350832, -0.17022305345271618, 0.7252640890235579
0.1357268749261356, -0.170218704357081, 0.7255968826061976
0.13236258529321926, -0.1695443849929729, 0.7256952169041502
0.13094499029252268, -0.16909969957882662, 0.7248873604617708
0.12927004458318506, -0.16883098052880746, 0.7246834157129282
0.12745340662293825, -0.16840802987732845, 0.7259103075953378
0.12392228875661196, -0.16758110220716793, 0.7251245730247114
0.12091525974209294, -0.16678349861586458, 0.7267045758714896
0.11917762244199126, -0.16670521988606096, 0.726083798260347
0.11643954073807668, -0.16680980629076975, 0.7264317551264753
0.1151946709131969, -0.16701409799634398, 0.7251631920400209
0.11331033127682921, -0.16758697982699236, 0.726632712641318
0.11039999108524909, -0.1699320193861911, 0.7272270606104417
0.1092342721831437, -0.17103954299343815, 0.727113400496004
0.10823180041777879, -0.17183827483190223, 0.7277441405016488
0.11005527862215542, -0.17252240737335026, 0.7290194377597029
0.11107935421397037, -0.1733506750043206, 0.728892877646373
0.11206141735910195, -0.17340898667967994, 0.7292405298683786
0.11450091858193698, -0.17328144888132513, 0.7302942612833465
0.11619509281156393, -0.17279324816581698, 0.7309084588042457
0.11932927370128076, -0.17297006821301636, 0.7315535928479662
0.12117673117269484, -0.17280225273713387, 0.7321019095180538
0.12196777124583959, -0.17240696858251556, 0.7314969561578375
0.12259196309580102, -0.1704769812583057, 0.7326775993712079
0.12338118368490604, -0.16954292304272842, 0.7320432178648616
0.1252658464380467, -0.16854451788727512, 0.7320454250569332
0.12609788431704155, -0.16691076052115292, 0.7326678018958092
0.12664229164892665, -0.16689807814965485, 0.7334187202619334
0.12827553325863242, -0.16584972950670307, 0.7330098504056158
0.12859200998341144, -0.1653626788059882, 0.7330283335933262
0.12833264682666398, -0.1656091746408901, 0.7339886755925026
0.1284432490979516, -0.1656487979530123, 0.7335381815854373
0.12938049999954812, -0.16567228365526712, 0.7353937034296181
0.1301779269805304, -0.16582805229206948, 0.7341194751190702
0.1299327817296109, -0.16610713531145196, 0.7334758062341303
0.13033712319247412, -0.16669479717712923, 0.7335623422789102
0.1312139190455846, -0.16707387624039083, 0.7338546854349646
0.13229573772071518, -0.16744800513301733, 0.7329003321888892
0.13192877616732648, -0.16713196592935053, 0.7320219309010805
0.13199809064168233, -0.1684102661268826, 0.7315666281321578
0.13225879393138015, -0.1692677693546525, 0.7323982657503598
0.13209210494339962, -0.16906123914594698, 0.7319622560310718
0.1330201966670505, -0.16915957985088392, 0.7313063146249388
0.13213091011222847, -0.16821334461465345, 0.7329988171203596
0.1330072863168217, -0.1675864691035676, 0.7321435801136766
0.13373301162790924, -0.16784191790061465, 0.7307528765925168
0.13417225909540748, -0.16809092309825077, 0.7322786328771211
0.1336428513505408, -0.16806511350433062, 0.7316915325088581
0.13354662793943112, -0.16773837925105628, 0.731060787383346
0.1339456513424632, -0.1675252744181234, 0.731175183607032
0.13427079160351924, -0.16781997084562222, 0.7319731211249387
0.1337579664714179, -0.16768991404837855, 0.7317584686589017
0.13356567016020515, -0.16757240343434318, 0.7315524474524889
0.13345741253991628, -0.16881376178946295, 0.7320111431059334
0.13203187342461395, -0.16881494508635947, 0.7324339205355468
0.12957695038870085, -0.16978435125148425, 0.7330255218803874
0.12981304799160387, -0.17065625556316405, 0.7320519337718651
0.13125811305647245, -0.17341984435313132, 0.7334011658047559
0.13169627843140477, -0.17469669823556852, 0.7341561361804378
0.13164931539506997, -0.1752490033770296, 0.7341108736915455
0.13204144650248853, -0.17656041823601618, 0.7344206780218093
0.13158179289826952, -0.1775459066863251, 0.7344533269980367
0.12959522397199813, -0.17842761436576782, 0.7333262918810921
0.12968684600496963, -0.17857333774713344, 0.7336405903873455
0.1300046478396524, -0.1780630213773229, 0.7329374249275802
0.1290431436099289, -0.1770796049013917, 0.7322728102542689
0.1282945698610548, -0.17622734699344597, 0.7308962217063255
0.1279245439090036, -0.17496707490445687, 0.7314576115465061
0.12805077360341421, -0.17398522562108582, 0.7309553116087957
0.12748799834081986, -0.17234736867117711, 0.7294542416929951
0.12778550593319363, -0.17146047045175983, 0.7295344256265786
0.12783553411097923, -0.17279914458852066, 0.7298561246883539
0.1285336886092014, -0.17279242220391344, 0.729315163117694
0.1281729096764438, -0.17319882093684974, 0.7294713755281732
0.1288691514453693, -0.17408576746735172, 0.7302965203496682
0.12965081718544078, -0.17533124433988467, 0.7303039646915289
0.12905928220457064, -0.17595751685506114, 0.7298083490746524
0.12868318142246982, -0.1768312222390469, 0.7301894622232393
0.1279196344803671, -0.17844653328145685, 0.7300921312646393
0.1280222811154282, -0.17976375740778847, 0.7313283206404512
0.12753785961272673, -0.1808655922959663, 0.7313903274186613
0.12629552094020094, -0.18249767095104794, 0.7307823148141663
0.12530065501951992, -0.18388751339111556, 0.7304613268619549
0.12476658228610225, -0.1851031952103952, 0.7310857748369991
0.12304718208566355, -0.18548481944993941, 0.7287668971262417
0.1226557101054493, -0.18574565726846218, 0.7296958808817209
0.12135197831800497, -0.18601283844609656, 0.7292144418557532
0.12014998752883525, -0.18617300645012747, 0.728364138132408
0.11908141759526432, -0.1858901260869239, 0.7277922094729397
0.1177893864362662, -0.18548964057912, 0.7278424852503649
0.11732055284871665, -0.18600233085704854, 0.7278291662432891
0.1171351302929616, -0.18571253128086318, 0.7282276000335652
0.11731482557845851, -0.1857464575738657, 0.7275544307341681
0.11738819843187721, -0.18591189199327887, 0.7276679663216078
0.11776139469051149, -0.18558600016260363, 0.727527416610955
0.11711423892468718, -0.1856136658930378, 0.7274095345594369
0.11703382862624079, -0.18579103735956853, 0.7270201535622497
0.11740894126194237, -0.1859435803812767, 0.7278175627139967
0.1173486282062633, -0.18597546128360734, 0.7277882404577537
0.11713929045721785, -0.18543704977422865, 0.7280620505714301
0.11532415604625737, -0.18608339635288754, 0.7270810485738844
0.1139960980217055, -0.18593621207156846, 0.7272916442088532
0.11276301720583917, -0.18600367773226237, 0.7263381533713501
0.11119701948981511, -0.18579377098541539, 0.7263267114784525
0.1104696792060348, -0.1851903293441806, 0.7262014830768144
0.10954043100111725, -0.18456662716025637, 0.7266781879183595
0.11147317667622433, -0.18451395618425478, 0.7264658359662253
0.11428160382917081, -0.18438893388930325, 0.7282107983482614
0.1153335050444577, -0.18320294487348013, 0.7275734697494645
0.11731579193819026, -0.18246967606432582, 0.7301012399792579
0.11900808342699747, -0.18254347720520456, 0.7293361714311155
0.11992029033772132, -0.1816778549781444, 0.7301073374137674
0.12063036032280548, -0.18195426362449016, 0.7301011234835136
0.12118727040770272, -0.18141731574089448, 0.7292750969854224
0.12144554079061315, -0.18205873355051375, 0.7309812454810404
0.12259311433591019, -0.18323039200987445, 0.7295165360191779
0.12351315779678268, -0.18421595118756234, 0.7310206929506522
0.12360952886113, -0.18445180313258064, 0.7306990342187577
0.12484387620706534, -0.18498043069108314, 0.731465117022583
0.12492713787946978, -0.18510487339457557, 0.7318478479913229
0.12588814464306736, -0.1859936142890607, 0.7326233275819299
0.1262605414189886, -0.18651300618792743, 0.7320303972002205
0.12763368901462688, -0.18636287893605058, 0.7321856888318864
0.1276787348320349, -0.18593558193547707, 0.7323409723408146
0.1273132258859279, -0.18517328538135563, 0.7320259730450266
0.12743411427520443, -0.18459204627887305, 0.7324322095323391
0.1271533525288219, -0.18500236971323689, 0.7323372604137242
0.12735205860853208, -0.18427333396204307, 0.7334599768880974
0.12765642277160955, -0.18377358145281755, 0.7328718717067889
0.1280834440848875, -0.18354695081793654, 0.7323743931745766
0.1287619672201395, -0.1837862590048735, 0.7328597603872344
0.12807992717032282, -0.18472420730399858, 0.7327487318610847
0.1284330797643516, -0.18455454762793272, 0.7328887117189669
0.12839028040740572, -0.18456200436918394, 0.733056130072408
0.1287391105248527, -0.18471089088142967, 0.7331412441550671
0.12847705223958664, -0.1844927141209097, 0.733598649838194
0.1284023335686957, -0.18450113462669415, 0.7326951617633581
0.12851370892816022, -0.18466506465069923, 0.732564728442134
0.12804858888620063, -0.1848186906887553, 0.7331770752807933
0.12944117664497257, -0.18473693772017105, 0.734920635260352
0.12940309963026783, -0.18466229462732717, 0.7357544940721831
0.13068967838629342, -0.18443261979940143, 0.7352286445361669
0.13094293064611878, -0.1845341175793422, 0.7356555267744038
0.1321338964708942, -0.1843892586917072, 0.7366414926082706
0.13212118647706877, -0.1845016112743244, 0.7363324836215073
0.13346807470537267, -0.18402262798910343, 0.7369120279703176
0.13382482983522762, -0.18384181314692355, 0.7370344470080973
0.1346896590158853, -0.1840022455124055, 0.736791208993576
0.1349375712573817, -0.18331358987134536, 0.7374236131423755
0.13556233974633483, -0.18259200715938612, 0.7374531692006913
0.13597480342753243, -0.18163744924824568, 0.7371793880763619
0.13582979421136113, -0.18077910684648035, 0.7374256842068578
0.13588274018060112, -0.18051012191117974, 0.7375361675099115
0.13633672321961632, -0.18076524034070135, 0.7374787804773959
0.13636982629616926, -0.18057860322892713, 0.7381418071545987
0.13607129171301485, -0.1802907060176046, 0.7380897501853311
0.13621747237631174, -0.1805147340868306, 0.7397256951179277
0.13722815157399718, -0.18143364549083502, 0.7391222054291405
0.1376585426340078, -0.18143441915052422, 0.7399317821986955
0.13742288864254876, -0.18141205527167417, 0.7394305085796425
0.13746251965935374, -0.18091756773324863, 0.7399935433683495
0.13748787980043303, -0.1810095518102273, 0.739322489366809
0.13746842570852646, -0.18180779939728706, 0.7398998188168592
0.13735159451628304, -0.1823350996701321, 0.7391729236386411
0.13819328654353075, -0.18243690330092735, 0.7382040560933308
0.13790563303324138, -0.18219980288928275, 0.7403364220851453
0.13808139171004027, -0.18234115398694925, 0.7395369999258367
0.13758962121237242, -0.1818687066056335, 0.7402911722155021
0.1379457571490917, -0.18262148664472905, 0.7396380909179767
0.13772824521540405, -0.18205594288488247, 0.7393171591790221
0.13794124324206702, -0.1822210706208593, 0.739132375731253
0.13835024297491658, -0.18230573205099918, 0.7401967242350136
0.1381911760653096, -0.18246023862909222, 0.7394126224486901
0.1380516938856069, -0.18221982686522292, 0.7406948052576264
0.13861015395468107, -0.1824787329265324, 0.7402315367607364
0.13849944012759996, -0.18194851665714343, 0.7399297125291112
0.13715366000127197, -0.18083648338235814, 0.7415415029850172
0.13570414357313457, -0.17983308512559448, 0.74138068760692
0.13571002969351895, -0.17883948811402473, 0.7417593529894667
0.1355551224230758, -0.1781517975922962, 0.7411110985426017
0.13476671919827818, -0.17751858923839317, 0.7424021203931324
0.1332783814987364, -0.1767046400222231, 0.7411025857342711
0.1319187160179453, -0.1763709622514169, 0.7399209544666225
0.13037559322162443, -0.17622552766028976, 0.740819080282584
0.12729800722942644, -0.17667100896999718, 0.7407829507463705
0.12464053400363069, -0.17620477840943993, 0.7390944906124162
0.12395913207239254, -0.17574384797671616, 0.7397169381450281
0.1250059997768278, -0.17581388941048204, 0.7398369634033375
0.12670535649871953, -0.1762396079899661, 0.7410773888515169
0.1272754832125029, -0.17676641908294188, 0.7405609295299027
0.12651197097783687, -0.17641420393017915, 0.7399648644617909
0.1268739885094728, -0.17560706733799827, 0.7408860161039418
0.1277630647304679, -0.17562116426786814, 0.7412800379910859
0.12783614869417453, -0.1750604673830149, 0.7419646294743953
0.12745833840647097, -0.1739830998754082, 0.7416065851020731
0.12716390066310668, -0.17336845135582846, 0.7412045640812038
0.12673744005793125, -0.17365382857861325, 0.7408701455313402
0.1268465291986666, -0.17307555538170796, 0.7414251226435934
0.1269994318144921, -0.17426631318127556, 0.7413710797381781
0.12745010303485327, -0.17493149840930367, 0.7407016531005521
0.1277913912087282, -0.17486449970138013, 0.7416605379533471
0.12762309678206046, -0.1747683618403264, 0.7415846728672012
0.12773035084269388, -0.1750446879451088, 0.7418691790728357
0.12792992560484542, -0.175014360166238, 0.7409527303044231
0.12783163864926073, -0.1749821168585444, 0.7416954544394356
0.1255000000107632, -0.17489585109839725, 0.7406676881771079
0.11887449082777152, -0.1731617026977318, 0.7406727263969366
0.11385535103888833, -0.17113817899552655, 0.740014303463745
0.11132554079233505, -0.17035528880960635, 0.7403700154067248
0.1097970473464109, -0.169574293998197, 0.7392860251978783
0.10757414852197113, -0.16830935178982467, 0.7386613636961781
0.10554632370128955, -0.16744139992637172, 0.737614502931061
0.10334836145378405, -0.16663632908321654, 0.73620462252161
0.10046904024191526, -0.1648120303922563, 0.7345867109715118
0.0977005894311779, -0.16322864455577585, 0.7345049914192667
0.09573105123945082, -0.1628825786633128, 0.7322484679882536
0.09413933903464317, -0.16259038885750038, 0.7331342335753007
0.09226655914385111, -0.16284364293467796, 0.73311090427911
0.09066531089492615, -0.1637549844639021, 0.73411964221731
0.08986176646521243, -0.16423916372592418, 0.7334142967369988
0.08842455369159204, -0.16635457570285778, 0.7338713012865806
0.08600157332998036, -0.16827258869230532, 0.7330506721331518
0.0814977661407631, -0.16960282500780885, 0.7345865338159608
0.07654020282633626, -0.17018113936622775, 0.7338815548522818
0.07465933468986972, -0.17010161290367998, 0.7348538961759908
0.07462585892820145, -0.17100846147241203, 0.7339355680559915
0.07523897701910424, -0.1710280919128553, 0.7353316605610101
0.0788416388841976, -0.17178572671161121, 0.7345900141397935
0.08525402811905652, -0.1733287502645721, 0.7353052014206862
0.09236189715356405, -0.17496882055581947, 0.7359724288592202
0.09722037216926266, -0.17557958515261515, 0.7353838830946232
0.1006519362093025, -0.17582846042459246, 0.7361632040938008
0.10449056185423444, -0.17586741614524698, 0.7364108991771093
0.10686265142689413, -0.1756730406090134, 0.7379648824234458
0.10984547295562161, -0.1762132178084289, 0.7374094423377698
0.11312810134856859, -0.1777041206798979, 0.735299036998096
0.11112669249388, -0.1775260349183321, 0.7345765499622814
0.1092551978588282, -0.17746039407971473, 0.7347056804835495
0.1084533509293335, -0.1794158650304577, 0.7357235799437337
0.10576620577728557, -0.1807484527946138, 0.7366155087966018
0.10470241583907053, -0.18248470291927232, 0.7371071435485405
0.10291906844247406, -0.18356646550032898, 0.7372288136010879
0.09999248547864745, -0.1838325919876748, 0.739478599328728
0.09915160104740228, -0.18334200425600003, 0.7396410091622307
0.09921986211120969, -0.1832878855450073, 0.7401738762005425
0.09927614976755916, -0.18294894048076188, 0.7393320411923033
0.09904738605149233, -0.18313797748675056, 0.7392811579267368
0.09910427697508445, -0.18308883055697006, 0.7398352001701157
0.09926705055816817, -0.18314252735248648, 0.7398684770336694
0.09959538672456227, -0.18256031901868205, 0.7404379929231184
0.09923174377078328, -0.18167560444736414, 0.7391762549985389
0.09855154345432891, -0.18055424081039909, 0.738009446292508
0.09620917659370462, -0.17854618605740802, 0.7363958732360149
0.09349365574428642, -0.17738530400662691, 0.7361951420002211
0.09102304934103805, -0.17639866295059167, 0.7364935858688746
0.08958644858727026, -0.17639698982510219, 0.7350560685499069
0.0876896980645554, -0.1777326037822248, 0.734513274990624
0.08615365653921037, -0.1785046054228509, 0.7337857137436912
0.08511423695279913, -0.17835689455807807, 0.7333324879790212
0.08295497614598792, -0.17964870842182196, 0.7335587092619514
0.08291143792497015, -0.1800811941368569, 0.7345637514011002
0.08210288551022385, -0.1805078111031112, 0.7336456534074495
0.08205182598802321, -0.18042054076103986, 0.7345012184198705
0.08125158474252167, -0.17936775547364656, 0.7351255366438958
0.08106348033573396, -0.17908477201053763, 0.7352027534242204
0.08168732439392673, -0.17834225319620992, 0.734806722101858
0.0817792443198274, -0.17735005713757826, 0.7353682833287566
0.08228740807081662, -0.17676312424658688, 0.7354822951784092
0.082428773204865, -0.1764613038261473, 0.7350751777224209
0.08276874451076337, -0.17511217970595153, 0.7363738008420535
0.08226542328757755, -0.1738690926717163, 0.7349287087172021
0.08196742880856135, -0.17323899311572385, 0.7353826627052199
0.08251499174381159, -0.17417493367561296, 0.7358123104083669
0.08231510858662772, -0.1742472698530127, 0.7349262301246097
0.0828282225646127, -0.17424733456363034, 0.7348592884276354
0.08262331901467425, -0.17455580933300344, 0.7356183603530204
0.08269067048580597, -0.17457708013968812, 0.7350795544010706
0.08271374967750807, -0.17431625672661266, 0.7362896706762206
0.08263306533231246, -0.17446672699001245, 0.7356279492563379
0.08297875391311728, -0.17429343169587896, 0.7357384901893812
0.08255028058119646, -0.17445175749491307, 0.7349738170480987
0.08242612663553187, -0.17438792942774994, 0.7352313319724306
0.08243767267267582, -0.17455559660279282, 0.7354968686878959
0.08250893387368945, -0.17436033100223308, 0.7362186232018795
0.08293301665762118, -0.17416500491422648, 0.7348063487669335
0.08275697387722003, -0.17438813880930473, 0.7360195180465134
0.08300076870416992, -0.1744114403527891, 0.7350133764511296
0.08278125175673785, -0.17443382142702857, 0.7355320803664358
0.08252543761990734, -0.17438634007158227, 0.7348872206492757
0.0826268820093836, -0.17435245467407787, 0.7362014358117246
0.08205992360005557, -0.17454341235799858, 0.7345557626292748
0.08154396702431664, -0.17465107836092728, 0.7344735212031028
0.08034961882341042, -0.17432922413900415, 0.7346615288026419
0.07943171163040101, -0.17462050915886237, 0.7345195216732172
0.07834363234958665, -0.17437312561320625, 0.7338407509565682
0.07838834657570229, -0.1739810055671093, 0.7330439746699662
0.07767041179181991, -0.17361135331105634, 0.7329966246997216
0.07779315722124858, -0.17270637776469347, 0.7319677376647806
0.07802558327702287, -0.17175398336925074, 0.7315461435633518
0.07683157550415809, -0.1713882175139401, 0.7320175686706332
0.07575835082110834, -0.17392692593297276, 0.7372210771207297
0.07974242918433747, -0.1744221919464503, 0.7386364011570247
0.0832504707375248, -0.1754876250468457, 0.7384940607492266
0.0856272524844053, -0.1762115225817707, 0.739843584808822
0.08734046523065303, -0.176445495595994, 0.7392814995041865
0.08752156612691277, -0.17688270866411854, 0.7397535648879706
0.08917450967090113, -0.1781907684633195, 0.738716440255201
0.09220140229764186, -0.17983039011959387, 0.7416921708767007
0.0930475596380433, -0.17994539806983348, 0.7410777115260353
0.09438960619266502, -0.18019823239901409, 0.741779267144412
0.0950594860543865, -0.18015328969117994, 0.7431447360738902
0.09541053005641621, -0.18010871161739558, 0.7424584755826688
0.09675801484425703, -0.1800710551737599, 0.7425896454380932
0.09670872624370452, -0.18019412276865956, 0.741880451697337
0.09598459755622273, -0.18015526872647702, 0.7431086624350866
0.09672770408790772, -0.18022079108257757, 0.7421229650763997
0.09653123950168464, -0.1801152492956985, 0.7422820926555608
0.09670690864816531, -0.17985775098379006, 0.7425078645055614
0.09650516673219481, -0.17978818975576144, 0.7418926084951302
0.09683180283635813, -0.17989589731475278, 0.7426916072800346
0.09468979265979642, -0.17921632744785498, 0.7432312376841586
0.0940624770644766, -0.17941087196915667, 0.7434518421955741
0.09365609699917635, -0.17946865671931597, 0.7442439681933084
0.09336684319879399, -0.18044669746201356, 0.7454009518508925
0.09369709690726033, -0.18036495286491772, 0.7457210056755347
0.09443555236034885, -0.18028174848074166, 0.7461509494818189
0.09508136479439672, -0.17980541885457543, 0.7483912445360721
0.09633624256040547, -0.18054753968377593, 0.7480478932338267
0.09599134890341192, -0.18145301840374536, 0.7484819531064242
0.09604510041187296, -0.18206044554491593, 0.7481898995136506
0.09623428796933696, -0.18209765176345644, 0.7497526469828713
0.09765366057857752, -0.18231909467583077, 0.7491090671843058
0.09865053684993345, -0.18240853528676634, 0.7507106109586504
0.10008826066838088, -0.18273542198358234, 0.750711849216276
0.10109909439364452, -0.18295573771504087, 0.7510191880478043
0.10170910577594018, -0.18203197643439684, 0.7511353164993282
0.10219046668337856, -0.18115774722601055, 0.750928653427792
0.10205983358156258, -0.179945378267235, 0.7517727339416257
0.10380773506420994, -0.1807792565393552, 0.7516878582480293
0.10454180916710748, -0.18084841055310696, 0.75126171986706
0.10445811953010009, -0.18092590592111096, 0.7514319118814392
0.10448083845668038, -0.18126789644092503, 0.7508499613999422
0.10492332559343566, -0.18243985227029383, 0.7518342947046076
0.10226630459118889, -0.1828589065010496, 0.7517987115586907
0.09959916831806166, -0.1842175769889247, 0.7494252791481081
0.09651683958688931, -0.18582491277073002, 0.7491898530067668
0.09682329043110759, -0.18755169676326247, 0.7486920552005615
0.09718616350495345, -0.18857077183283427, 0.749255472285161
0.0988263434492395, -0.1891050482096145, 0.7467781261745913
0.09872597138478544, -0.19094892549566703, 0.7455342917160328
0.09833572385568012, -0.19225669528244066, 0.7445732983691672
0.09730873198424886, -0.19154510422234902, 0.7454458382360406
0.09588388060084214, -0.18821079235790777, 0.7465085963895051
0.09571688591716844, -0.18639359408557013, 0.747540595956996
0.09523132249333047, -0.184156940222967, 0.7484559508363111
0.09452501596429151, -0.18665691821330288, 0.7487478842125136
0.09219347211434543, -0.18767869717041347, 0.7456583078015252
0.0906955132244981, -0.18775555449761078, 0.7440104124179717
0.09050447061667061, -0.1882984429004031, 0.742185633166101
0.09077798320827438, -0.18837835962079105, 0.7402607741757568
0.09194775992870002, -0.1857902266990235, 0.7400796693870908
0.09094005124209387, -0.184974364309252, 0.7401239762667701
0.08990305384843603, -0.18558407453754713, 0.7385813814347476
0.08954994280584987, -0.18550022364302057, 0.7376604182356374
0.08829905965533695, -0.18605687773431734, 0.7383670227090756
0.0871726869368094, -0.18838440313925325, 0.7385670324177674
0.08536475134995783, -0.19184560839276377, 0.7390389882735796
0.08506921601638551, -0.19325084905334367, 0.7400380060130562
0.08647744076599606, -0.1942479767051781, 0.7394020853809449
0.08606392019683114, -0.19422837164768986, 0.7405374439002084
0.08627343558301967, -0.19412443433666537, 0.7399880108919792
0.08615834209333602, -0.19435420866015218, 0.7398770745485502
0.08630989501827846, -0.1940095710201386, 0.740145807891842
0.08298949096829138, -0.19428123333611838, 0.7396310757474894
0.08109932386254472, -0.19468490543706427, 0.7396066507353136
0.07892903964387246, -0.1950495423761898, 0.7385739127437678
0.07644275487605191, -0.19612081873064213, 0.7397846892457262
0.07583428769376352, -0.19570742240860042, 0.7390004682515571
0.07621014859876907, -0.1954063121959873, 0.7380938950174277
0.07550478602064685, -0.1944994488136332, 0.7381068165092667
0.0748432349921807, -0.18661693525473236, 0.7374133673341031
0.08082286571212517, -0.1847568895436454, 0.7391174991575525
0.087681199646943, -0.18377807245069686, 0.739645769195946
0.09276985714498868, -0.18318365407305565, 0.741625608502479
0.09561698247973598, -0.1819723362802105, 0.7410214620755385
0.09728812384299439, -0.18053610931541547, 0.7425691308597
0.09861670651104353, -0.1798567105264764, 0.7428040239051289
0.09951390291129887, -0.1793123585285202, 0.7428407777105772
0.10091860193138733, -0.17743857757142986, 0.7434104070559613
0.10029262800395333, -0.1775788810670192, 0.7428818442538307
0.10078851282543243, -0.17804546990944312, 0.7421861343131397
0.100353110971846, -0.17797327096397397, 0.7427420916973718
0.10014610032375308, -0.17778053026130108, 0.7424878347878207
0.09916276135002951, -0.17711760063581272, 0.7419296174661184
0.0985800584275343, -0.1764925107678946, 0.7428621828985815
0.09655034680167464, -0.1738192348467591, 0.7435979890169244
0.09680357229933416, -0.17147681819157082, 0.7424355569595329
0.09424115558415841, -0.17086411056775677, 0.7414782595594998
0.08833076724865326, -0.1727066766251691, 0.7379432035834776
0.08404880091931156, -0.1761483736246073, 0.7349489516008416
0.07992961291320339, -0.1788400890115771, 0.7333601285450723
0.07546613968374256, -0.1796783762955515, 0.7341344406967841
0.07037270804527339, -0.18481748808769494, 0.7430887692353209
0.0744008264917438, -0.18705633845727568, 0.7452919462507357
0.08015903302728378, -0.18842682465176155, 0.7442803500556378
0.08518472073250086, -0.1884774364616499, 0.7462819327442654
0.09102056996450057, -0.1891492910802565, 0.7446673921305987
0.0939808907929805, -0.18981514530503482, 0.74514623312099
0.09779599660590466, -0.1916974598414014, 0.7459265564912887
0.099557937163168, -0.19297167869451526, 0.7461123037993618
0.10007769800000077, -0.19307100260582005, 0.7466408943191859
0.10027741086696236, -0.19352937746744225, 0.7462185261959183
0.10088733889963805, -0.19356879918868464, 0.7468089094692764
0.09976485328350335, -0.19363413113470196, 0.7452661352899687
0.10074807004870623, -0.19389846227229163, 0.7463236568935215
0.10205192438874686, -0.1947621711305815, 0.745687799160664
0.10248508978965498, -0.19502855344223857, 0.7448381205428306
0.100450248113887, -0.1957889786408723, 0.7441215692133459
0.0999300582612015, -0.19614916741439886, 0.7427389037420157
0.09972836554303086, -0.19770161595576471, 0.7426388151873801
0.0992204526785831, -0.20041551302314783, 0.7432226698613947
0.09873846721531736, -0.20215750245267056, 0.7442163557895718
0.09868379121168191, -0.20450012832950837, 0.7439154301574598
0.09792166943601419, -0.205700236071779, 0.74456773045774
0.09694261156944983, -0.2059100283820723, 0.7428548798477228
0.09638637872854641, -0.20704852555610676, 0.7439923650545542
0.09510342335783353, -0.2079949646240988, 0.7450068823412986
0.0939929784949503, -0.20866550088967853, 0.7445200150815275
0.09227988447540905, -0.2090004625108135, 0.7433883820497549
0.08984554030166303, -0.2083469018008704, 0.7441476085864365
0.08916014892669216, -0.20835643877870452, 0.7437544478843962
0.08880283346892469, -0.20771989529980328, 0.7449200572539875
0.08740299453453226, -0.2076704495982835, 0.7443898427099125
0.08590214723804988, -0.2062663446777721, 0.7453262784591667
0.08732697386852446, -0.20467968355086336, 0.7459523914444123
0.08985811097940886, -0.204619278180608, 0.7468406732413763
0.09144367415068666, -0.205236288618763, 0.7466977192982945
0.08946554951805927, -0.20550514145489718, 0.748253319444584
0.08834110529740348, -0.20604258858644695, 0.7476639816863179
0.08635022279603424, -0.2064149585323282, 0.7485862418218355
0.08461409037533457, -0.2074842980849828, 0.7494241756396519
0.08358249371536713, -0.20820452610213258, 0.7494437773355299
0.08089229846178826, -0.20845955103716576, 0.7492729775768129
0.07923601320011496, -0.20906652520606459, 0.7501798154128113
0.07847376770644432, -0.20854623814962744, 0.7500315736873602
0.07843417425526782, -0.2092167110438808, 0.7494986362928153
0.079565870111841, -0.20909788254584055, 0.7508185022784574
0.07845110320236923, -0.2090921017362852, 0.7500827047625647
0.0776625462001324, -0.2098037711080861, 0.7503403627954416
0.07517175799562387, -0.21166460909649917, 0.7496939128552847
0.07324235960864989, -0.21139040751495694, 0.7496951883795243
0.07051033878090505, -0.20533426137595553, 0.7520797477114936
0.0720639175062884, -0.2053763578787039, 0.7520526399113929
0.07372209190208856, -0.20586597652770644, 0.7523200876759588
0.07520715312406691, -0.20654473251136696, 0.7526951595276324
0.07581828922960131, -0.20664494425107868, 0.7545813242652551
0.0766035969375268, -0.2069138512616131, 0.7528958466150507
0.07719849295142833, -0.20717118893173883, 0.7540345763570324
0.07876708081602682, -0.20709531971664522, 0.7545853988811221
0.07990953034248596, -0.20636225414543966, 0.7548882159096737
0.0809600014997053, -0.2051635456033986, 0.7544512427233822
0.08188811758084165, -0.20296189474840323, 0.7530066229292357
0.08180015961892638, -0.20141900216933856, 0.7544360277552654
0.0812233960363343, -0.1995258366756697, 0.7533353779945667
0.08163329754705134, -0.19871939199619218, 0.7512317143014998
0.08141727024169614, -0.19923153623379794, 0.7526627776958975
0.0804213527314125, -0.1997978393468065, 0.7531431182344077
0.08069436038323041, -0.19972221151424582, 0.7521365026188019
0.08026386865975008, -0.20030234321861815, 0.7524457785771888
0.07996171300346824, -0.2007728136364146, 0.7535246827547244
0.08059735200220823, -0.20226331363008784, 0.7528982416118377
0.07915069176480818, -0.20259921368929054, 0.7529259210122888
0.08063470040728718, -0.20237845498571524, 0.7529623363259189
0.08098379282719168, -0.20227120118125722, 0.7527314077552443
0.0810190922249439, -0.2021043089515354, 0.7525268815945242
0.08130546626800383, -0.20224179798007147, 0.7522715431364774
0.08082009566457468, -0.20247963108886338, 0.7526739732358299
0.08105519352167494, -0.20252753081251193, 0.7531572028977566
0.07801510031556462, -0.2015660488037107, 0.7531997851947211
0.07154630712628986, -0.20064834791980674, 0.7504271985303701
0.06968276747752378, -0.20028680209576266, 0.7499441174093189
0.06909540582675423, -0.20069074965351813, 0.750347623079651
0.060607667874112814, -0.1945231810418303, 0.7564482619019499
0.06260542140364841, -0.1950940151271912, 0.7565024551639926
0.06376061504745656, -0.19518565825737286, 0.7570466426458109
0.06374831059063481, -0.1957926704232091, 0.7559563055500054
0.06397126499577703, -0.19666185962961347, 0.7566041465724263
0.06381127092541876, -0.19761258068442666, 0.7576072765102213
0.06417525182695362, -0.19763600340537021, 0.7572500061992709
0.0639608466269927, -0.19736586886248, 0.7582054701139466
0.06336639350669392, -0.1960738963780317, 0.7575634707921495
0.058990108837356545, -0.20300872325761082, 0.7483742541936543
0.06408226384825762, -0.2106356191995375, 0.7503565549350107
0.06552913136780336, -0.21252301481802038, 0.751053320777559
0.06643684269537416, -0.21350037292580962, 0.7507671766261907
0.06708429299454033, -0.21426205241465152, 0.7502139415325157
0.06786546718367348, -0.21529746550034826, 0.7516958587696941
0.06848991435317121, -0.21645985234650017, 0.7515746702766662
0.06964229931831166, -0.2175146090021429, 0.7508914280423208
0.06890808609308297, -0.21833575504448904, 0.7511941776252314
0.06960632498294247, -0.21815119234520886, 0.7520712616923654
0.06995123109456697, -0.21835932593970866, 0.7518292483710629
0.06898501100597368, -0.21838212582636002, 0.7518205354939675
0.06940625679719142, -0.21826139198590047, 0.751716216065978
0.06779687569747032, -0.2171946584254618, 0.7499512589560393
0.06427004441237485, -0.21563455622588415, 0.75160431998605
0.0638518013497187, -0.21499151497972363, 0.7521565476790639
0.06421419106176612, -0.21545766741343442, 0.7526237295956145
0.0636548579450168, -0.21585738245172814, 0.7537500739919949
0.06305668199647223, -0.2172274467142824, 0.7554468698491729
0.06331621995547711, -0.21863169925150977, 0.755362558880424
0.06305734638662278, -0.22045213318414986, 0.756165106587117
0.061568416600315014, -0.22084795802232707, 0.755185868519529
0.060701698957932676, -0.2210380955480858, 0.7557605338853749
0.05969726830960738, -0.22101139530032426, 0.7552758068922795
0.05923825401233556, -0.2209878900269405, 0.7574688527659467
0.05823557471668701, -0.22110935980442809, 0.7574546049606394
0.05903755771275891, -0.22123203916413559, 0.75750852927724
0.06007089305634463, -0.2208397930728679, 0.757916742887255
0.0599149150312309, -0.2201227803683296, 0.7582326620822994
0.0607778517312312, -0.21856778519197953, 0.7589393667969094
0.06176779378864362, -0.2176669832277222, 0.7579030910115947
0.061134476914917926, -0.21686505287264415, 0.758360542308798
0.06003423095173416, -0.21553469628367533, 0.7574762955174835
0.0613090738091915, -0.21472927619096138, 0.75816921769268
0.061200727140700344, -0.21314613715508587, 0.7577609205862114
0.06226862053237563, -0.21160661527754693, 0.7579432012024938
0.06298753653185193, -0.20940144975345873, 0.7581248352786253
0.06332594620689977, -0.2070538620374242, 0.7575078958436021
0.06411345546493045, -0.20614270760411793, 0.7575158506509176
0.06468917729200506, -0.20553001238567586, 0.7580991313088238
0.06481048490699541, -0.20461753047448028, 0.7584131379487181
0.06508272574623224, -0.20400638774198737, 0.7579141192532557
0.06569233415405208, -0.2032436527241266, 0.7587312950962208
0.0652170285114088, -0.20389754433026125, 0.7585039545142889
0.06506048319094311, -0.2038371791779145, 0.758182122545168
0.06522771661760787, -0.20363611250812863, 0.758904612329161
0.06508373955509053, -0.20386703701380782, 0.7584106892105315
0.06530315337664881, -0.20389641615007598, 0.7569824805923585
0.06486045824412834, -0.20377281397859834, 0.7582998263222507
0.06538974067909942, -0.20387912478874728, 0.7579408574700389
0.06507118868262435, -0.20370158286021103, 0.758377269431639
0.06526882870442834, -0.2036817958227829, 0.7575255173916414
0.06521600706309862, -0.2037802449264833, 0.7579758395447928
0.0649847363589539, -0.20373090267183935, 0.7579659940048081
0.06513372690013591, -0.2038947290106355, 0.7578446187839476
0.06514245948933738, -0.20372563049471298, 0.759661924554462
0.0654209832560497, -0.20359717735158891, 0.7586824333521038
0.06542625247419702, -0.20392477647971646, 0.7585902670596885
0.06515667369236625, -0.20342054269476062, 0.7579930820461971
0.06542033036835013, -0.20395463164252242, 0.7576391017620817
0.06519425259704104, -0.2035708758648008, 0.7583631703537229
0.0650958214327587, -0.20382680252076366, 0.7585083520030221
0.0653275059447435, -0.2035361516233114, 0.7588420926895268
0.06524122221374547, -0.2036913296354328, 0.7575937126590683
0.06522254848022244, -0.20363206949651727, 0.7583549557910303
0.06539914924120205, -0.2037720248628782, 0.7586830726057583
0.0651947478141586, -0.2039640408678996, 0.7582969976829205
0.06529531220051689, -0.20372981653757263, 0.7574164453904072
0.06535745757397378, -0.20386593303534317, 0.7578563627918586
0.06529758898064804, -0.2038645567472323, 0.7581823695816686
0.06500955260995375, -0.20344788758094953, 0.7577265644434908
0.06555510801354522, -0.20388791525046657, 0.7584527823466869
0.06513660615708214, -0.20342832483921777, 0.7588769747583196
0.06512200048128115, -0.2038006947022336, 0.7583565544811378
0.06483812336664395, -0.20377458542094382, 0.7582706366190924
0.06540034106704663, -0.2036916311877694, 0.7579591230905706
0.06545543146071418, -0.20371852576721197, 0.759125774970363
0.0653784297483585, -0.20370468146591258, 0.7574126865544679
0.06520270003120333, -0.20369562308410566, 0.7583697124568582
0.06518256735375454, -0.20390197006203598, 0.759271096958085
0.06521945718538662, -0.2036380562840464, 0.7592046120077248
0.06542264389394675, -0.20379842538527446, 0.7580120997194102
0.06533374264562906, -0.20391969564561865, 0.7579013215514093
0.065137161035197, -0.20375316468591367, 0.7584693042603332
0.06543659184177118, -0.20390341753403038, 0.758014401783512
0.06521556164798682, -0.20401122888615048, 0.7587533551455041
0.06543756127840221, -0.2038857665192083, 0.7582447394992757
0.06528091096333374, -0.2036228909156163, 0.7582635733496884
0.06541117518466236, -0.2038954807904802, 0.7585255151577788
0.06525689604644634, -0.20365825807683569, 0.75727213437966
