[[-6.09413521e-01 -3.17599459e-01  7.26461110e-01  9.61433079e+02]
 [ 5.03332937e-01  5.52970680e-01  6.63987486e-01 -3.88698165e+01]
 [-6.12593761e-01  7.70294755e-01 -1.77129541e-01 -1.54331022e+02]]

[[-6.10570166e-01 -3.17325850e-01  7.25608970e-01  9.61359775e+02]
 [ 5.02016767e-01  5.53545327e-01  6.64504881e-01 -3.86750213e+01]
 [-6.12522031e-01  7.69994724e-01 -1.78675365e-01 -1.54343926e+02]]

[[-6.17391256e-01 -3.34394838e-01  7.12045033e-01  9.63946419e+02]
 [ 4.87783413e-01  5.47400496e-01  6.80014735e-01 -3.67063841e+01]
 [-6.17167221e-01  7.67158907e-01 -1.74848024e-01 -1.53553509e+02]]

[[-6.13840959e-01 -3.28504238e-01  7.17833019e-01  9.63172013e+02]
 [ 4.92302448e-01  5.51536137e-01  6.73384133e-01 -3.72660071e+01]
 [-6.17120391e-01  7.66741714e-01 -1.76832030e-01 -1.53295931e+02]]

[[-6.06694775e-01 -3.29541302e-01  7.23411350e-01  9.63514433e+02]
 [ 4.99311872e-01  5.50133407e-01  6.69358565e-01 -3.71630434e+01]
 [-6.18554043e-01  7.67304219e-01 -1.69219179e-01 -1.52885810e+02]]

[[-6.09302353e-01 -3.35348322e-01  7.18534721e-01  9.63406501e+02]
 [ 4.96367149e-01  5.45354298e-01  6.75431968e-01 -3.70856587e+01]
 [-6.18360976e-01  7.68199318e-01 -1.65829767e-01 -1.53389577e+02]]

[[-6.10691004e-01 -3.38598087e-01  7.15826678e-01  9.63822810e+02]
 [ 4.92129738e-01  5.45913791e-01  6.78075552e-01 -3.69148504e+01]
 [-6.20374740e-01  7.66374235e-01 -1.66750454e-01 -1.53176680e+02]]

[[-6.14919096e-01 -3.42215438e-01  7.10466818e-01  9.63992106e+02]
 [ 4.83700621e-01  5.47871746e-01  6.82546892e-01 -3.66120057e+01]
 [-6.22822779e-01  7.63364359e-01 -1.71366979e-01 -1.52712319e+02]]

[[-5.99995120e-01 -3.28980799e-01  7.29230753e-01  9.61768475e+02]
 [ 5.03076528e-01  5.53591571e-01  6.63664357e-01 -3.86754857e+01]
 [-6.22028828e-01  7.65054251e-01 -1.66649723e-01 -1.52885846e+02]]

[[-6.04990515e-01 -3.08001760e-01  7.34248863e-01  9.57508008e+02]
 [ 5.05280275e-01  5.64177004e-01  6.52990162e-01 -4.21354837e+01]
 [-6.15368443e-01  7.66054322e-01 -1.85694522e-01 -1.54784218e+02]]

[[-6.05867544e-01 -3.35996701e-01  7.21131567e-01  9.64438497e+02]
 [ 5.02845535e-01  5.40685012e-01  6.74393124e-01 -3.63440069e+01]
 [-6.16498895e-01  7.71210694e-01 -1.58629059e-01 -1.53113443e+02]]

[[-6.18888063e-01 -3.35371509e-01  7.10284110e-01  9.61558135e+02]
 [ 4.86963949e-01  5.45701333e-01  6.81964932e-01 -3.86364445e+01]
 [-6.16314594e-01  7.67942710e-01 -1.74414206e-01 -1.54903808e+02]]

[[-6.05382562e-01 -3.38349194e-01  7.20438600e-01  9.63611857e+02]
 [ 4.97746637e-01  5.45384718e-01  6.74391425e-01 -3.69788268e+01]
 [-6.21095998e-01  7.66860699e-01 -1.61754224e-01 -1.52784266e+02]]

[[-6.03370828e-01 -3.22706304e-01  7.29249124e-01  9.61039233e+02]
 [ 5.06883888e-01  5.50769921e-01  6.63114786e-01 -3.91733747e+01]
 [-6.15639804e-01  7.69748748e-01 -1.68743877e-01 -1.54049743e+02]]

[[-5.99589680e-01 -3.29066612e-01  7.29525449e-01  9.61535404e+02]
 [ 5.08598719e-01  5.47135513e-01  6.64808298e-01 -3.87026294e+01]
 [-6.17915495e-01  7.69647903e-01 -1.60693950e-01 -1.53681274e+02]]

[[-5.94508242e-01 -3.11365001e-01  7.41358069e-01  9.55982658e+02]
 [ 5.17792294e-01  5.57138467e-01  6.49220971e-01 -5.03813069e+01]
 [-6.15183786e-01  7.69836713e-01 -1.70001012e-01 -1.50895545e+02]]

[[-5.77626788e-01 -2.97373793e-01  7.60207946e-01  9.53515094e+02]
 [ 5.31399205e-01  5.69945176e-01  6.26719540e-01 -6.16202732e+01]
 [-6.19646818e-01  7.65983893e-01 -1.71191404e-01 -1.44840330e+02]]

[[-5.93371768e-01 -3.63830008e-01  7.18009519e-01  9.71121300e+02]
 [ 4.94331554e-01  5.39269619e-01  6.81780457e-01 -4.32943758e+01]
 [-6.35252909e-01  7.59484038e-01 -1.40134714e-01 -1.40060768e+02]]

[[-5.72610303e-01 -3.28621444e-01  7.51082810e-01  9.63709803e+02]
 [ 5.34303431e-01  5.45267159e-01  6.45912973e-01 -5.08964650e+01]
 [-6.21801644e-01  7.71162545e-01 -1.36642028e-01 -1.43971518e+02]]

[[-5.62755249e-01 -3.17122137e-01  7.63374142e-01  9.59743089e+02]
 [ 5.51958612e-01  5.43290531e-01  6.32595518e-01 -5.26918747e+01]
 [-6.15343985e-01  7.77347380e-01 -1.30701303e-01 -1.43599271e+02]]

[[-5.85634333e-01 -3.59874071e-01  7.26307842e-01  9.64095103e+02]
 [ 5.10225842e-01  5.32587645e-01  6.75292522e-01 -5.03707197e+01]
 [-6.29842852e-01  7.66055516e-01 -1.28284559e-01 -1.43411186e+02]]

[[-6.04420421e-01 -3.19880123e-01  7.29625014e-01  9.66719175e+02]
 [ 4.96315922e-01  5.65209616e-01  6.58945062e-01 -4.93444708e+01]
 [-6.23174502e-01  7.60404364e-01 -1.82862636e-01 -1.45676773e+02]]

[[-5.57666233e-01 -2.93214341e-01  7.76552460e-01  9.58781012e+02]
 [ 5.55970423e-01  5.62735536e-01  6.11739819e-01 -5.51894367e+01]
 [-6.16364552e-01  7.72886840e-01 -1.50800106e-01 -1.44957186e+02]]

[[-5.76411395e-01 -3.32122947e-01  7.46621893e-01  9.63719367e+02]
 [ 5.32148286e-01  5.40820154e-01  6.51407525e-01 -5.13024037e+01]
 [-6.20135554e-01  7.72792281e-01 -1.34996243e-01 -1.44403538e+02]]

[[-5.77925443e-01 -3.31433899e-01  7.45757167e-01  9.63417463e+02]
 [ 5.29478524e-01  5.43098721e-01  6.51687250e-01 -5.13747683e+01]
 [-6.21011010e-01  7.71489047e-01 -1.38383438e-01 -1.44182460e+02]]

[[-5.53673821e-01 -2.92378807e-01  7.79717855e-01  9.59851681e+02]
 [ 5.64817142e-01  5.56177563e-01  6.09629489e-01 -5.42865199e+01]
 [-6.11904319e-01  7.77933899e-01 -1.42800394e-01 -1.41449614e+02]]

[[-5.91699463e-01 -3.24802419e-01  7.37831373e-01  9.63005977e+02]
 [ 5.14966755e-01  5.51884853e-01  6.55920994e-01 -5.25612274e+01]
 [-6.20242684e-01  7.68066728e-01 -1.59287524e-01 -1.41002152e+02]]

[[-5.66385652e-01 -3.05296584e-01  7.65507210e-01  9.58784821e+02]
 [ 5.48821061e-01  5.53216761e-01  6.26695028e-01 -5.73495032e+01]
 [-6.14819271e-01  7.75077551e-01 -1.45780841e-01 -1.44541776e+02]]

[[-5.71076436e-01 -2.99362414e-01  7.64364998e-01  9.65348657e+02]
 [ 5.49032559e-01  5.52939823e-01  6.26754180e-01 -5.52184390e+01]
 [-6.10274491e-01  7.77585813e-01 -1.51411191e-01 -1.44785185e+02]]

[[-5.84542181e-01 -3.79769610e-01  7.16997547e-01  9.74249926e+02]
 [ 5.09487354e-01  5.15939818e-01  6.88642680e-01 -4.88782434e+01]
 [-6.31453145e-01  7.67841877e-01 -1.08100773e-01 -1.41434814e+02]]

[[-5.98879074e-01 -3.29942231e-01  7.29713629e-01  9.68869309e+02]
 [ 5.05644461e-01  5.50803880e-01  6.64032202e-01 -4.45092557e+01]
 [-6.21021364e-01  7.66650644e-01 -1.63031456e-01 -1.43122457e+02]]

[[-5.60553876e-01 -3.19407048e-01  7.64040896e-01  9.57409286e+02]
 [ 5.53821110e-01  5.41348568e-01  6.32632520e-01 -4.73039308e+01]
 [-6.15679731e-01  7.77766588e-01 -1.26560672e-01 -1.43365887e+02]]

[[-5.81715163e-01 -3.40816277e-01  7.38547043e-01  9.63986793e+02]
 [ 5.35471353e-01  5.23015164e-01  6.63118066e-01 -4.84201612e+01]
 [-6.12272733e-01  7.81216618e-01 -1.21748498e-01 -1.46654079e+02]]

[[-5.86170862e-01 -3.40650536e-01  7.35092465e-01  9.63272472e+02]
 [ 5.25350601e-01  5.30899483e-01  6.64945475e-01 -5.43591387e+01]
 [-6.16774242e-01  7.75952931e-01 -1.32236843e-01 -1.47832611e+02]]

[[-5.56509264e-01 -3.43660158e-01  7.56435810e-01  9.64936101e+02]
 [ 5.47808567e-01  5.32739405e-01  6.45053874e-01 -6.15244422e+01]
 [-6.24662480e-01  7.73360474e-01 -1.08214435e-01 -1.34632003e+02]]

[[-5.57472779e-01 -3.28683943e-01  7.62358817e-01  9.69709981e+02]
 [ 5.37039891e-01  5.57502654e-01  6.33071043e-01 -6.27564133e+01]
 [-6.33097351e-01  7.62336970e-01 -1.34276165e-01 -1.22455050e+02]]

[[-5.53862783e-01 -3.51213926e-01  7.54907144e-01  9.75012801e+02]
 [ 5.25964479e-01  5.55275632e-01  6.44228484e-01 -6.58035282e+01]
 [-6.45443556e-01  7.53868524e-01 -1.22820458e-01 -1.11907877e+02]]

[[-5.64819639e-01 -3.75854672e-01  7.34650966e-01  9.75369707e+02]
 [ 4.95354452e-01  5.57597875e-01  6.66114538e-01 -6.60915517e+01]
 [-6.60002078e-01  7.40147199e-01 -1.28760946e-01 -1.08795202e+02]]

[[-5.52028874e-01 -3.64474964e-01  7.49948080e-01  9.71925058e+02]
 [ 5.18316843e-01  5.54532868e-01  6.51030682e-01 -6.78472373e+01]
 [-6.53155244e-01  7.48098455e-01 -1.17204643e-01 -1.10067215e+02]]

[[-5.21485200e-01 -3.73823991e-01  7.67012913e-01  9.77131128e+02]
 [ 5.53528484e-01  5.35888469e-01  6.37518444e-01 -7.16822165e+01]
 [-6.49353065e-01  7.57019929e-01 -7.25356783e-02 -1.03495468e+02]]

[[-5.13406820e-01 -3.96869145e-01  7.60860249e-01  9.86321097e+02]
 [ 5.55132393e-01  5.22528472e-01  6.47141424e-01 -6.79116012e+01]
 [-6.54401607e-01  7.54624991e-01 -4.79547628e-02 -9.29281861e+01]]

[[-4.99758331e-01 -3.81271829e-01  7.77736075e-01  9.82224181e+02]
 [ 5.59654938e-01  5.43168625e-01  6.25902705e-01 -7.84115878e+01]
 [-6.61080903e-01  7.48063926e-01 -5.80723833e-02 -9.18946555e+01]]

[[-5.17305669e-01 -3.96700776e-01  7.58302933e-01  9.87349609e+02]
 [ 5.26593362e-01  5.50920222e-01  6.47446013e-01 -7.52251950e+01]
 [-6.74606756e-01  7.34244784e-01 -7.60941586e-02 -8.83311397e+01]]

[[-5.28484109e-01 -3.71769361e-01  7.63211693e-01  9.79200172e+02]
 [ 5.27723059e-01  5.60347343e-01  6.38372327e-01 -7.40357209e+01]
 [-6.64990917e-01  7.40134040e-01 -9.99434020e-02 -9.43264786e+01]]

[[-5.11937396e-01 -3.59535280e-01  7.80163115e-01  9.76234792e+02]
 [ 5.65272413e-01  5.42860945e-01  6.21103126e-01 -7.88761469e+01]
 [-6.46828572e-01  7.58970603e-01 -7.46754430e-02 -1.01163440e+02]]

[[-5.19281710e-01 -3.18028911e-01  7.93223876e-01  9.73173420e+02]
 [ 5.58513861e-01  5.76242135e-01  5.96663446e-01 -8.15064286e+01]
 [-6.46845246e-01  7.52862945e-01 -1.21608446e-01 -1.08082973e+02]]

[[-5.34752288e-01 -3.79059519e-01  7.55217764e-01  9.80778732e+02]
 [ 5.12108147e-01  5.65533554e-01  6.46465038e-01 -8.39919099e+01]
 [-6.72149712e-01  7.32451828e-01 -1.08300894e-01 -9.32971594e+01]]

[[-4.94266012e-01 -3.12722952e-01  8.11113719e-01  9.72708428e+02]
 [ 5.94816064e-01  5.58775580e-01  5.77895925e-01 -9.04169547e+01]
 [-6.33951858e-01  7.68097785e-01 -9.01711423e-02 -9.90125644e+01]]

[[-5.25218292e-01 -3.31881226e-01  7.83581902e-01  9.73331105e+02]
 [ 5.41101371e-01  5.80433652e-01  6.08527799e-01 -9.65217388e+01]
 [-6.56776257e-01  7.43607172e-01 -1.25272985e-01 -9.56692876e+01]]

[[-5.03691210e-01 -3.72380020e-01  7.79505154e-01  9.77524793e+02]
 [ 5.52962206e-01  5.54283700e-01  6.22095152e-01 -9.87760904e+01]
 [-6.63722807e-01  7.44380750e-01 -7.32757499e-02 -9.43978768e+01]]

[[-4.84528415e-01 -3.55430556e-01  7.99313040e-01  9.75545499e+02]
 [ 5.64920251e-01  5.70515573e-01  5.96135128e-01 -1.13987255e+02]
 [-6.67905177e-01  7.40392532e-01 -7.56410878e-02 -9.56018185e+01]]

[[-4.64416145e-01 -3.02398026e-01  8.32389980e-01  9.63393741e+02]
 [ 5.96387322e-01  5.88046020e-01  5.46373536e-01 -1.28179370e+02]
 [-6.54705894e-01  7.50171522e-01 -9.27517171e-02 -1.04025847e+02]]

[[-4.61697587e-01 -2.99513468e-01  8.34941327e-01  9.64905777e+02]
 [ 5.98244324e-01  5.89835979e-01  5.42399527e-01 -1.32906595e+02]
 [-6.54934399e-01  7.49923463e-01 -9.31436157e-02 -1.08825860e+02]]

[[-5.11681113e-01 -3.26943565e-01  7.94537818e-01  9.75242635e+02]
 [ 5.41635292e-01  5.95111985e-01  5.93694312e-01 -1.27706661e+02]
 [-6.66943512e-01  7.34131889e-01 -1.27423390e-01 -1.06236873e+02]]

[[-4.92943061e-01 -3.42799632e-01  7.99684657e-01  9.79425819e+02]
 [ 5.46116193e-01  5.93601289e-01  5.91096112e-01 -1.24916962e+02]
 [-6.77321373e-01  7.28097467e-01 -1.05403207e-01 -9.84129878e+01]]

[[-4.71796442e-01 -3.60262722e-01  8.04747717e-01  9.79935981e+02]
 [ 5.43650867e-01  5.99704760e-01  5.87194973e-01 -1.22633703e+02]
 [-6.94155496e-01  7.14538293e-01 -8.70814313e-02 -8.82808616e+01]]

[[-4.75282218e-01 -3.41228036e-01  8.10968705e-01  9.84233281e+02]
 [ 5.49975377e-01  6.04235586e-01  5.76564343e-01 -1.25541705e+02]
 [-6.86756069e-01  7.20043599e-01 -9.95154115e-02 -8.34618188e+01]]

[[-4.65933669e-01 -3.32971278e-01  8.19777985e-01  9.80076707e+02]
 [ 5.51494292e-01  6.15226569e-01  5.63338543e-01 -1.37359426e+02]
 [-6.91924752e-01  7.14581274e-01 -1.03023013e-01 -8.12856417e+01]]

[[-4.77992401e-01 -3.44890443e-01  8.07820430e-01  9.79637123e+02]
 [ 5.53765183e-01  5.95562817e-01  5.81935609e-01 -1.37233889e+02]
 [-6.81811841e-01  7.25503627e-01 -9.36861820e-02 -7.88543150e+01]]

[[-5.07287986e-01 -3.82932506e-01  7.72024349e-01  9.84257589e+02]
 [ 5.19912388e-01  5.78459524e-01  6.28550465e-01 -1.24137513e+02]
 [-6.87277242e-01  7.20241123e-01 -9.43542133e-02 -7.95329764e+01]]

[[-4.60123943e-01 -3.25417243e-01  8.26068747e-01  9.73624432e+02]
 [ 5.96426088e-01  5.75928731e-01  5.59090349e-01 -1.24908725e+02]
 [-6.57694365e-01  7.49939807e-01 -7.09112654e-02 -8.58768181e+01]]

[[-4.55579361e-01 -3.42282811e-01  8.21760259e-01  9.72270708e+02]
 [ 5.95857729e-01  5.68574702e-01  5.67165210e-01 -1.18618024e+02]
 [-6.61362997e-01  7.48040966e-01 -5.50790409e-02 -8.66471477e+01]]

[[-4.71571150e-01 -3.50389974e-01  8.09226493e-01  9.67832199e+02]
 [ 5.86303127e-01  5.60878010e-01  5.84520744e-01 -1.08702468e+02]
 [-6.58687554e-01  7.50095143e-01 -5.90591504e-02 -9.26611767e+01]]

[[-5.14914852e-01 -3.64772911e-01  7.75759897e-01  9.72307416e+02]
 [ 5.48001114e-01  5.55830469e-01  6.25097807e-01 -9.23149030e+01]
 [-6.59209734e-01  7.46989433e-01 -8.63094021e-02 -9.35434458e+01]]

[[-5.37961831e-01 -4.05905470e-01  7.38808377e-01  9.75926091e+02]
 [ 5.10039174e-01  5.41075108e-01  6.68653699e-01 -8.68566357e+01]
 [-6.71161016e-01  7.36531382e-01 -8.40500655e-02 -8.92166024e+01]]

[[-4.49998071e-01 -3.64867154e-01  8.15091220e-01  9.77608218e+02]
 [ 5.92668157e-01  5.60731790e-01  5.78207848e-01 -1.10645216e+02]
 [-6.68016611e-01  7.43271027e-01 -3.60830797e-02 -7.39286595e+01]]

[[-4.18518217e-01 -3.54197097e-01  8.36293560e-01  9.80907605e+02]
 [ 6.07734238e-01  5.75058187e-01  5.47692595e-01 -1.23646976e+02]
 [-6.74908585e-01  7.37463558e-01 -2.54146245e-02 -6.58936692e+01]]

[[-4.54731141e-01 -3.71902581e-01  8.09263900e-01  9.84120810e+02]
 [ 5.62061280e-01  5.85015690e-01  5.84674062e-01 -1.27529043e+02]
 [-6.90873872e-01  7.20725407e-01 -5.69928112e-02 -6.19387976e+01]]

[[-4.68009675e-01 -3.79461219e-01  7.98107842e-01  9.82101772e+02]
 [ 5.48784033e-01  5.83088031e-01  5.99036254e-01 -1.12416102e+02]
 [-6.92678157e-01  7.18343603e-01 -6.46485817e-02 -5.35522702e+01]]

[[-4.90399328e-01 -4.08351958e-01  7.69907253e-01  9.72359661e+02]
 [ 5.52878488e-01  5.37120964e-01  6.37045091e-01 -8.45429646e+01]
 [-6.73671936e-01  7.38071642e-01 -3.76347465e-02 -4.30209398e+01]]

[[-4.94135616e-01 -3.93867631e-01  7.75047277e-01  9.61901730e+02]
 [ 5.63257464e-01  5.34047689e-01  6.30503050e-01 -9.26681288e+01]
 [-6.62246950e-01  7.48105177e-01 -4.20431007e-02 -4.32547972e+01]]

[[-4.76467249e-01 -3.79957152e-01  7.92850253e-01  9.54090937e+02]
 [ 6.02772656e-01  5.15314454e-01  6.09193022e-01 -9.63949715e+01]
 [-6.40034440e-01  7.68168977e-01 -1.65026785e-02 -4.55387859e+01]]

[[-4.68604575e-01 -3.83961430e-01  7.95602522e-01  9.47799393e+02]
 [ 6.20994069e-01  4.97371637e-01  6.05795198e-01 -9.19756355e+01]
 [-6.28312119e-01  7.77942848e-01  5.36714638e-03 -3.80953043e+01]]

[[-4.91432767e-01 -3.83093184e-01  7.82133906e-01  9.44014934e+02]
 [ 6.09233747e-01  4.90537011e-01  6.23063145e-01 -8.16078306e+01]
 [-6.22356872e-01  7.82696016e-01 -7.67266482e-03 -3.51323904e+01]]

[[-5.26847226e-01 -3.95278353e-01  7.52454001e-01  9.46500938e+02]
 [ 5.75141153e-01  4.86029481e-01  6.58018235e-01 -6.98880473e+01]
 [-6.25815192e-01  7.79442344e-01 -2.87224361e-02 -3.61281861e+01]]

[[-5.05413349e-01 -3.71169364e-01  7.78967682e-01  9.40151023e+02]
 [ 6.19841603e-01  4.71866461e-01  6.27007520e-01 -6.94451499e+01]
 [-6.00294706e-01  7.99734547e-01 -8.42139505e-03 -4.72534336e+01]]

[[-5.55539747e-01 -3.77009728e-01  7.41106777e-01  9.42547061e+02]
 [ 5.64451994e-01  4.83471871e-01  6.69065689e-01 -6.20011685e+01]
 [-6.10548554e-01  7.90011781e-01 -5.57839483e-02 -5.45508833e+01]]

[[-5.66134498e-01 -3.83621087e-01  7.29607149e-01  9.42359132e+02]
 [ 5.55254809e-01  4.76711098e-01  6.81497341e-01 -5.92480982e+01]
 [-6.09248576e-01  7.90937034e-01 -5.68751449e-02 -5.74062480e+01]]

[[-5.38557522e-01 -3.23407771e-01  7.78050904e-01  9.32268629e+02]
 [ 6.16494872e-01  4.78205044e-01  6.25503005e-01 -6.16924692e+01]
 [-5.74360399e-01  8.16533741e-01 -5.81616909e-02 -6.76658009e+01]]

[[-5.50163853e-01 -3.96704123e-01  7.34809889e-01  9.41533422e+02]
 [ 5.86475479e-01  4.42846092e-01  6.78184231e-01 -4.90751632e+01]
 [-5.94446168e-01  8.04060432e-01 -1.09806719e-02 -6.80909457e+01]]

[[-5.73695079e-01 -4.02482220e-01  7.13359670e-01  9.39738549e+02]
 [ 5.57632092e-01  4.46000440e-01  7.00092892e-01 -4.88945928e+01]
 [-5.99933668e-01  7.99432092e-01 -3.14312559e-02 -6.15209421e+01]]

[[-5.66842804e-01 -4.09779748e-01  7.14681603e-01  9.38661537e+02]
 [ 5.56123297e-01  4.49696230e-01  6.98927878e-01 -5.06049649e+01]
 [-6.07796113e-01  7.93633328e-01 -2.70190075e-02 -5.01016320e+01]]

[[-5.50935567e-01 -3.64937068e-01  7.50527107e-01  9.32324794e+02]
 [ 5.88924288e-01  4.67185983e-01  6.59473608e-01 -5.54674711e+01]
 [-5.91302109e-01  8.05331108e-01 -4.24690720e-02 -3.48260339e+01]]

[[-5.19967357e-01 -4.11591212e-01  7.48482880e-01  9.37707351e+02]
 [ 6.23053428e-01  4.16670327e-01  6.61959414e-01 -4.79076585e+01]
 [-5.84327284e-01  8.10542111e-01  3.97883471e-02 -2.53062049e+01]]

[[-4.92308264e-01 -4.00316561e-01  7.72903115e-01  9.38097229e+02]
 [ 6.41171838e-01  4.33749221e-01  6.33056307e-01 -4.99101602e+01]
 [-5.88669047e-01  8.07222562e-01  4.31333787e-02 -9.59580359e+00]]

[[-4.70596763e-01 -3.83277223e-01  7.94756099e-01  9.50368706e+02]
 [ 6.24236658e-01  4.91961142e-01  6.06879584e-01 -7.36786911e+01]
 [-6.23592239e-01  7.81711460e-01  7.74037186e-03 -1.16823039e+01]]

[[-4.68351788e-01 -4.46858153e-01  7.62210203e-01  9.70358745e+02]
 [ 5.83361013e-01  4.91511260e-01  6.46611637e-01 -8.06220147e+01]
 [-6.63578580e-01  7.47485433e-01  3.04794476e-02 -1.42271682e+01]]

[[-4.67267597e-01 -4.01158914e-01  7.87865799e-01  9.69748104e+02]
 [ 5.70419007e-01  5.44058302e-01  6.15323265e-01 -9.42728630e+01]
 [-6.75487342e-01  7.36934251e-01 -2.53921459e-02 -2.04018279e+01]]

[[-4.35105722e-01 -3.64270582e-01  8.23401453e-01  9.67028729e+02]
 [ 6.16559416e-01  5.45904450e-01  5.67311923e-01 -1.10796907e+02]
 [-6.56153562e-01  7.54516583e-01 -1.29316927e-02 -3.10556371e+01]]

[[-4.62222022e-01 -3.76154247e-01  8.03030999e-01  9.75046231e+02]
 [ 5.74292763e-01  5.63029475e-01  5.94294231e-01 -1.08392916e+02]
 [-6.75676420e-01  7.35870772e-01 -4.42219601e-02 -2.91698022e+01]]

[[-4.64393823e-01 -3.75772310e-01  8.01956076e-01  9.75640576e+02]
 [ 5.64971028e-01  5.71635958e-01  5.95012662e-01 -1.18488510e+02]
 [-6.82016213e-01  7.29402154e-01 -5.31637401e-02 -3.47433394e+01]]

[[-4.80389767e-01 -4.15907926e-01  7.72169844e-01  9.87524122e+02]
 [ 5.32605345e-01  5.61148016e-01  6.33596441e-01 -1.17359418e+02]
 [-6.96819358e-01  7.15635033e-01 -4.80549802e-02 -4.15923383e+01]]

[[-4.69867618e-01 -4.23989248e-01  7.74246433e-01  9.85695981e+02]
 [ 5.30239307e-01  5.65670143e-01  6.31556464e-01 -1.16883759e+02]
 [-7.05741241e-01  7.07283823e-01 -4.09743175e-02 -3.21274494e+01]]

[[-4.47513468e-01 -3.48872229e-01  8.23419616e-01  9.69065428e+02]
 [ 5.87958776e-01  5.78998220e-01  5.64858866e-01 -1.33260959e+02]
 [-6.73822064e-01  7.36918740e-01 -5.39870129e-02 -3.79062105e+01]]

[[-4.32400386e-01 -3.38179376e-01  8.35861601e-01  9.67072132e+02]
 [ 6.01099704e-01  5.82855090e-01  5.46771515e-01 -1.36361507e+02]
 [-6.72093038e-01  7.38860375e-01 -4.87472431e-02 -3.98272665e+01]]

[[-4.79025450e-01 -3.75718582e-01  7.93328536e-01  9.79808366e+02]
 [ 5.54772418e-01  5.70808074e-01  6.05314552e-01 -1.34841784e+02]
 [-6.80266258e-01  7.30077866e-01 -6.49932880e-02 -3.46047094e+01]]

[[-4.63014117e-01 -3.92939800e-01  7.94491184e-01  9.76857673e+02]
 [ 5.60518920e-01  5.64560030e-01  6.05879949e-01 -1.33658870e+02]
 [-6.86612312e-01  7.25858310e-01 -4.11490719e-02 -3.02591731e+01]]

[[-4.52655205e-01 -3.66042985e-01  8.13090277e-01  9.75337636e+02]
 [ 5.96489130e-01  5.53491987e-01  5.81246366e-01 -1.28849143e+02]
 [-6.62800108e-01  7.48103705e-01 -3.22003676e-02 -3.41046155e+01]]

[[-4.74806572e-01 -4.05530712e-01  7.81091263e-01  9.81968778e+02]
 [ 5.41557448e-01  5.64963714e-01  6.22520307e-01 -1.15004766e+02]
 [-6.93739324e-01  7.18582524e-01 -4.86303067e-02 -3.88821953e+01]]

[[-4.82546935e-01 -3.67570055e-01  7.95009880e-01  9.78695392e+02]
 [ 5.57953878e-01  5.70674027e-01  6.02510270e-01 -1.26761634e+02]
 [-6.75156223e-01  7.34318330e-01 -7.02898645e-02 -3.71380972e+01]]

[[-4.90523869e-01 -4.22359743e-01  7.62232630e-01  9.86333286e+02]
 [ 5.34427971e-01  5.45087782e-01  6.45961340e-01 -1.26341272e+02]
 [-6.88311759e-01  7.24217894e-01 -4.16577073e-02 -3.16227464e+01]]

[[-4.45515881e-01 -3.39896223e-01  8.28242814e-01  9.68212163e+02]
 [ 6.09505129e-01  5.62472322e-01  5.58684512e-01 -1.40551837e+02]
 [-6.55758414e-01  7.53721065e-01 -4.34218609e-02 -3.79268633e+01]]

[[-4.57037108e-01 -3.86470834e-01  8.01097607e-01  9.76878944e+02]
 [ 5.61689298e-01  5.72946663e-01  5.96856142e-01 -1.25155664e+02]
 [-6.89653692e-01  7.22753357e-01 -4.47813542e-02 -3.22395277e+01]]

[[-4.85061002e-01 -4.30009895e-01  7.61450795e-01  9.81207086e+02]
 [ 5.21831839e-01  5.56388480e-01  6.46624614e-01 -1.10921389e+02]
 [-7.01717433e-01  7.11001652e-01 -4.54894994e-02 -3.83643429e+01]]

[[-4.67683220e-01 -4.14186621e-01  7.80846879e-01  9.77792245e+02]
 [ 5.39011452e-01  5.66504031e-01  6.23329638e-01 -1.19405352e+02]
 [-7.00527701e-01  7.12406222e-01 -4.16930978e-02 -3.70689711e+01]]

[[-4.76755440e-01 -4.23036113e-01  7.70548310e-01  9.85171439e+02]
 [ 5.35227984e-01  5.55659433e-01  6.36218201e-01 -1.26823014e+02]
 [-6.97305712e-01  7.15739507e-01 -3.84928909e-02 -3.44422242e+01]]

[[-4.69957967e-01 -4.06463565e-01  7.83534861e-01  9.81244087e+02]
 [ 5.45419241e-01  5.64210686e-01  6.19825906e-01 -1.27959734e+02]
 [-6.94015389e-01  7.18647113e-01 -4.34622576e-02 -3.34475589e+01]]

[[-4.32437943e-01 -3.73446286e-01  8.20691962e-01  9.75417979e+02]
 [ 6.01449482e-01  5.58642796e-01  5.71118855e-01 -1.32468639e+02]
 [-6.71755868e-01  7.40578218e-01 -1.69692659e-02 -3.66013674e+01]]

[[-4.62873172e-01 -3.82730369e-01  7.99541050e-01  9.76554310e+02]
 [ 5.65843576e-01  5.66728071e-01  5.98865880e-01 -1.31496272e+02]
 [-6.82326516e-01  7.29614116e-01 -4.57576988e-02 -3.74587577e+01]]

[[-4.48247544e-01 -4.13826628e-01  7.92351980e-01  9.83941659e+02]
 [ 5.68663251e-01  5.51895972e-01  6.09945033e-01 -1.23423334e+02]
 [-6.89707363e-01  7.23987816e-01 -1.20580183e-02 -3.36540843e+01]]

[[-4.47198894e-01 -3.58463023e-01  8.19461659e-01  9.71529910e+02]
 [ 5.96924996e-01  5.62686436e-01  5.71895554e-01 -1.29207906e+02]
 [-6.66103369e-01  7.44908206e-01 -3.76572129e-02 -4.04814729e+01]]

[[-4.39836178e-01 -3.76937693e-01  8.15145455e-01  9.75921226e+02]
 [ 6.11985240e-01  5.38492548e-01  5.79223481e-01 -1.25375074e+02]
 [-6.57280915e-01  7.53620429e-01 -6.16820012e-03 -3.82786596e+01]]

[[-4.45854123e-01 -3.49469844e-01  8.24066095e-01  9.66484366e+02]
 [ 6.09796050e-01  5.55359554e-01  5.65441901e-01 -1.26302284e+02]
 [-6.55257872e-01  7.54616853e-01 -3.45040163e-02 -4.16848572e+01]]

[[-4.66693543e-01 -3.92450169e-01  7.92578073e-01  9.75637355e+02]
 [ 5.87363847e-01  5.32453805e-01  6.09505256e-01 -1.12217750e+02]
 [-6.61211651e-01  7.49983873e-01 -1.79817118e-02 -4.51721068e+01]]

[[-4.95801867e-01 -3.65601715e-01  7.87728313e-01  9.68738994e+02]
 [ 5.77911730e-01  5.38161861e-01  6.13514338e-01 -1.13421059e+02]
 [-6.48227229e-01  7.59418986e-01 -5.55361357e-02 -5.81427659e+01]]

[[-4.89716693e-01 -3.67184375e-01  7.90792764e-01  9.67609589e+02]
 [ 5.86112596e-01  5.32837962e-01  6.10373436e-01 -1.14592945e+02]
 [-6.45483993e-01  7.62403661e-01 -4.57282575e-02 -6.04436271e+01]]

[[-5.05548970e-01 -3.56801903e-01  7.85565173e-01  9.65073573e+02]
 [ 5.72592033e-01  5.42341178e-01  6.14820633e-01 -1.16116120e+02]
 [-6.45413513e-01  7.60630297e-01 -6.98780968e-02 -6.23183383e+01]]

[[-5.13159759e-01 -3.55325375e-01  7.81288001e-01  9.63724661e+02]
 [ 5.59664389e-01  5.51612895e-01  6.18465024e-01 -1.16980661e+02]
 [-6.50724852e-01  7.54630434e-01 -8.42025810e-02 -6.25524743e+01]]

[[-5.04401680e-01 -3.85323328e-01  7.72725617e-01  9.67455378e+02]
 [ 5.54616637e-01  5.41318711e-01  6.31960789e-01 -1.15836631e+02]
 [-6.61800069e-01  7.47328567e-01 -5.93353390e-02 -6.17453453e+01]]

[[-5.10284026e-01 -3.39119256e-01  7.90321670e-01  9.60915295e+02]
 [ 5.65080017e-01  5.60540143e-01  6.05375356e-01 -1.20776864e+02]
 [-6.48301463e-01  7.55508357e-01 -9.44051665e-02 -6.63224361e+01]]

[[-4.92075956e-01 -3.56806807e-01  7.94071884e-01  9.66362382e+02]
 [ 5.91816180e-01  5.31844376e-01  6.05718721e-01 -1.17195280e+02]
 [-6.38447228e-01  7.68004207e-01 -5.05437883e-02 -6.80800556e+01]]

[[-4.92157107e-01 -3.47185011e-01  7.98275610e-01  9.62847932e+02]
 [ 5.82637930e-01  5.49957388e-01  5.98397789e-01 -1.20798564e+02]
 [-6.46772312e-01  7.59611374e-01 -6.83822809e-02 -6.80949523e+01]]

[[-4.92045555e-01 -3.40652417e-01  8.01153607e-01  9.63695798e+02]
 [ 5.87690592e-01  5.48957970e-01  5.94360930e-01 -1.23422325e+02]
 [-6.42270145e-01  7.63283092e-01 -6.99141079e-02 -6.89957239e+01]]

[[-4.73843383e-01 -3.24381045e-01  8.18687600e-01  9.61764263e+02]
 [ 6.10794839e-01  5.48637384e-01  5.70899890e-01 -1.24595098e+02]
 [-6.34351726e-01  7.70567296e-01 -6.18379260e-02 -7.03606937e+01]]

[[-5.03918037e-01 -3.29429659e-01  7.98462717e-01  9.62836013e+02]
 [ 5.79715781e-01  5.56287068e-01  5.95377452e-01 -1.24622551e+02]
 [-6.40309475e-01  7.62902875e-01 -8.93475154e-02 -7.05746348e+01]]

[[-5.07549094e-01 -3.50459331e-01  7.87129071e-01  9.68840691e+02]
 [ 5.67713750e-01  5.51180938e-01  6.11474179e-01 -1.20814576e+02]
 [-6.48147372e-01  7.57217162e-01 -8.07908048e-02 -6.67378177e+01]]

[[-4.95389981e-01 -3.40734020e-01  7.99055126e-01  9.64878359e+02]
 [ 5.72961095e-01  5.63227703e-01  5.95390744e-01 -1.23585856e+02]
 [-6.52919865e-01  7.52778110e-01 -8.37900238e-02 -6.63585908e+01]]

[[-5.08993447e-01 -3.40697421e-01  7.90475134e-01  9.63743606e+02]
 [ 5.61997212e-01  5.64052081e-01  6.04982962e-01 -1.24450328e+02]
 [-6.51985279e-01  7.52177185e-01 -9.56278119e-02 -6.79871144e+01]]

[[-4.96385367e-01 -3.31101795e-01  8.02479388e-01  9.64326759e+02]
 [ 5.78616605e-01  5.62933171e-01  5.90177151e-01 -1.24217213e+02]
 [-6.47150981e-01  7.57283201e-01 -8.78507922e-02 -6.77259446e+01]]

[[-4.89151901e-01 -3.39754523e-01  8.03303979e-01  9.65323364e+02]
 [ 5.90004633e-01  5.49413630e-01  5.91641105e-01 -1.22787016e+02]
 [-6.42358896e-01  7.63355440e-01 -6.82899786e-02 -6.82828479e+01]]

[[-4.90431636e-01 -3.42477845e-01  8.01364921e-01  9.66485305e+02]
 [ 5.81622672e-01  5.56158800e-01  5.93634952e-01 -1.18618951e+02]
 [-6.48992972e-01  7.57229367e-01 -7.35649914e-02 -6.75581301e+01]]

[[-5.65874214e-01 -4.08228990e-01  7.16334744e-01  9.36753997e+02]
 [ 5.74272034e-01  4.28263523e-01  6.97711965e-01 -2.39010456e+01]
 [-5.91606291e-01  8.06188221e-01 -7.90879202e-03 -4.13558718e+01]]

[[-5.59501583e-01 -4.16058577e-01  7.16835573e-01  9.37415310e+02]
 [ 5.76972855e-01  4.25393641e-01  6.97239252e-01 -2.21266467e+01]
 [-5.95029666e-01  8.03701132e-01  2.04608974e-03 -3.55074369e+01]]

[[-5.58909030e-01 -4.28485266e-01  7.09944416e-01  9.43581170e+02]
 [ 5.79346778e-01  4.10763507e-01  7.04010406e-01 -1.71339597e+01]
 [-5.93277344e-01  8.04781783e-01  1.86621249e-02 -3.15832928e+01]]

[[-5.58936635e-01 -4.04368201e-01  7.23931071e-01  9.35605213e+02]
 [ 5.80985248e-01  4.31942755e-01  6.89841719e-01 -2.39463317e+01]
 [-5.91646837e-01  8.06171082e-01 -6.49667034e-03 -3.62655228e+01]]

[[-5.63643100e-01 -3.69361996e-01  7.38835686e-01  9.21746283e+02]
 [ 6.07305798e-01  4.20982195e-01  6.73760832e-01 -1.89740643e+01]
 [-5.59898315e-01  8.28459841e-01 -1.29680276e-02 -5.07003699e+01]]

[[-6.01992130e-01 -3.45559562e-01  7.19856975e-01  9.15809508e+02]
 [ 5.87210002e-01  4.19320751e-01  6.92354332e-01 -8.08481402e+00]
 [-5.41100627e-01  8.39499075e-01 -4.95117615e-02 -6.50916087e+01]]

[[-5.92927262e-01 -3.37042182e-01  7.31327443e-01  9.17113278e+02]
 [ 5.83800840e-01  4.45606891e-01  6.78683341e-01 -1.48971277e+01]
 [-5.54629463e-01  8.29359431e-01 -6.74469652e-02 -5.44726307e+01]]

[[-5.82208747e-01 -3.73409970e-01  7.22217398e-01  9.19824038e+02]
 [ 5.67407493e-01  4.49594178e-01  6.89865068e-01 -2.18709127e+01]
 [-5.82307232e-01  8.11437040e-01 -4.98820478e-02 -4.43474944e+01]]

[[-5.17288815e-01 -3.79746543e-01  7.66945138e-01  9.44371611e+02]
 [ 5.99921322e-01  4.78206616e-01  6.41414717e-01 -5.38242629e+01]
 [-6.10333260e-01  7.91903401e-01 -1.95528858e-02 -5.91371453e+01]]

[[-5.04268268e-01 -3.89566495e-01  7.70682463e-01  9.58230286e+02]
 [ 5.72621568e-01  5.17183907e-01  6.36101679e-01 -4.98812990e+01]
 [-6.46388469e-01  7.62075293e-01 -3.77252559e-02 -1.17739159e+02]]

[[-4.89995630e-01 -3.75486015e-01  7.86711215e-01  9.36730350e+02]
 [ 6.11281422e-01  4.95403136e-01  6.17179679e-01 -2.46571631e+01]
 [-6.21481541e-01  7.83317295e-01 -1.32177461e-02 -1.22576449e+02]]

[[-5.06318875e-01 -3.96984775e-01  7.65535293e-01  9.42839597e+02]
 [ 5.86456377e-01  4.92325209e-01  6.43183338e-01 -2.06895272e+01]
 [-6.32226316e-01  7.74608919e-01 -1.64592930e-02 -1.17370006e+02]]

[[-5.09922568e-01 -3.93179680e-01  7.65106995e-01  9.44671948e+02]
 [ 5.88618256e-01  4.89122281e-01  6.43652036e-01 -1.99221875e+01]
 [-6.27301780e-01  7.78568644e-01 -1.79817522e-02 -1.17431070e+02]]

[[-5.14551360e-01 -3.86707071e-01  7.65306827e-01  9.37730331e+02]
 [ 5.79901202e-01  5.00517082e-01  6.42804206e-01 -2.51052926e+01]
 [-6.31626071e-01  7.74558127e-01 -3.32898497e-02 -1.20895994e+02]]

[[-5.08739189e-01 -3.92490392e-01  7.66247825e-01  9.41197944e+02]
 [ 5.86983497e-01  4.92952552e-01  6.42221267e-01 -2.23395303e+01]
 [-6.29789498e-01  7.76497954e-01 -2.03988987e-02 -1.18895863e+02]]

[[-4.96073533e-01 -3.58616991e-01  7.90762229e-01  9.36899849e+02]
 [ 6.02640253e-01  5.13437925e-01  6.10906067e-01 -2.58134850e+01]
 [-6.25088614e-01  7.79599481e-01 -3.85859320e-02 -1.19860627e+02]]

[[-5.05322841e-01 -3.97684502e-01  7.65830179e-01  9.42231751e+02]
 [ 5.85398682e-01  4.94052875e-01  6.42822012e-01 -2.20078095e+01]
 [-6.34000954e-01  7.73148623e-01 -1.68522192e-02 -1.17604710e+02]]

[[-5.17534628e-01 -3.64764147e-01  7.74018751e-01  9.39020839e+02]
 [ 5.87351527e-01  5.06369286e-01  6.31354362e-01 -2.20853537e+01]
 [-6.22234757e-01  7.81368840e-01 -4.78188616e-02 -1.21159652e+02]]

[[-5.37074599e-01 -3.92412930e-01  7.46701391e-01  9.40382813e+02]
 [ 5.83113259e-01  4.66930324e-01  6.64796961e-01 -7.18670672e-02]
 [-6.09532446e-01  7.92457043e-01 -2.19552339e-02 -1.35299931e+02]]

[[-5.32546043e-01 -3.87062003e-01  7.52713570e-01  9.38977045e+02]
 [ 5.83291537e-01  4.76586424e-01  6.57750989e-01 -5.35409792e-01]
 [-6.13323484e-01  7.89334141e-01 -2.80342234e-02 -1.32024280e+02]]

[[-5.15580876e-01 -3.73301384e-01  7.71247325e-01  9.37325790e+02]
 [ 5.94432730e-01  4.92438296e-01  6.35731275e-01 -7.56128258e+00]
 [-6.17111084e-01  7.86225541e-01 -3.19892077e-02 -1.27781474e+02]]

[[-5.20941125e-01 -3.81983762e-01  7.63353620e-01  9.37036666e+02]
 [ 5.70976313e-01  5.08822475e-01  6.44271479e-01 -1.92837760e+01]
 [-6.34512722e-01  7.71484345e-01 -4.69628721e-02 -1.27166214e+02]]

[[-5.17236461e-01 -3.78938050e-01  7.67380217e-01  9.35077286e+02]
 [ 5.74404239e-01  5.10986496e-01  6.39493997e-01 -1.97978904e+01]
 [-6.34449536e-01  7.71556061e-01 -4.66372251e-02 -1.26130391e+02]]

[[-5.38520466e-01 -3.78891449e-01  7.52620076e-01  9.33346098e+02]
 [ 5.92283481e-01  4.65097888e-01  6.57939384e-01  5.82424412e+00]
 [-5.99329614e-01  8.00078262e-01 -2.60535849e-02 -1.27609858e+02]]

[[-5.37484999e-01 -3.90959250e-01  7.47168482e-01  9.37195384e+02]
 [ 5.99817207e-01  4.45538688e-01  6.64616126e-01  1.39364127e+01]
 [-5.92730287e-01  8.05385710e-01 -4.96627631e-03 -1.31372709e+02]]

[[-5.22359576e-01 -3.85646795e-01  7.60537325e-01  9.37884600e+02]
 [ 6.12840914e-01  4.50382283e-01  6.49293319e-01  1.12361889e+01]
 [-5.92930424e-01  8.05252972e-01  1.07863530e-03 -1.31010017e+02]]

[[-5.53649009e-01 -4.11674005e-01  7.23876569e-01  9.40052780e+02]
 [ 5.73570597e-01  4.41684108e-01  6.89878191e-01  1.06120996e+01]
 [-6.03729695e-01  7.97144693e-01 -8.41386376e-03 -1.31850252e+02]]

[[-5.34264106e-01 -3.91715616e-01  7.49079930e-01  9.37681515e+02]
 [ 5.89270393e-01  4.62763970e-01  6.62276311e-01  1.94462456e+00]
 [-6.06071176e-01  7.95241086e-01 -1.64117639e-02 -1.32996753e+02]]

[[-5.16697678e-01 -3.78149032e-01  7.68132032e-01  9.36104921e+02]
 [ 6.00863494e-01  4.78957577e-01  6.39970859e-01 -7.05762335e+00]
 [-6.09907018e-01  7.92213954e-01 -2.02603189e-02 -1.33387078e+02]]

[[-5.13139784e-01 -3.79425731e-01  7.69885496e-01  9.35246208e+02]
 [ 5.86198879e-01  5.00270257e-01  6.37260186e-01 -1.34046268e+01]
 [-6.26943727e-01  7.78309569e-01 -3.42896340e-02 -1.30824318e+02]]

[[-5.14691131e-01 -3.80787948e-01  7.68175487e-01  9.33792579e+02]
 [ 5.91316997e-01  4.91121231e-01  6.39643764e-01 -1.07436313e+01]
 [-6.20835927e-01  7.83454195e-01 -2.76093557e-02 -1.28525091e+02]]

[[-5.32061210e-01 -3.95180604e-01  7.48827857e-01  9.36260756e+02]
 [ 5.73449043e-01  4.82499283e-01  6.62080536e-01 -8.26068531e+00]
 [-6.22950290e-01  7.81681989e-01 -3.01032130e-02 -1.28460342e+02]]

[[-5.13641838e-01 -3.76752224e-01  7.70863038e-01  9.34605632e+02]
 [ 5.91553343e-01  4.95265567e-01  6.36220607e-01 -1.43954146e+01]
 [-6.21479448e-01  7.82796129e-01 -3.15200785e-02 -1.29199874e+02]]

[[-5.23638290e-01 -3.97046796e-01  7.53761755e-01  9.38631209e+02]
 [ 5.50791590e-01  5.17207856e-01  6.55076070e-01 -2.18564980e+01]
 [-6.49947356e-01  7.58188549e-01 -5.21398015e-02 -1.21747019e+02]]

[[-5.14221638e-01 -3.87918925e-01  7.64915038e-01  9.37615718e+02]
 [ 5.55651070e-01  5.28695313e-01  6.41664363e-01 -2.82893147e+01]
 [-6.53320745e-01  7.54983558e-01 -5.63190038e-02 -1.17567759e+02]]

[[-5.00689895e-01 -3.86706546e-01  7.74446690e-01  9.34424419e+02]
 [ 5.59059345e-01  5.38590661e-01  6.30375086e-01 -2.99783260e+01]
 [-6.60879927e-01  7.48584095e-01 -5.34749930e-02 -1.14983645e+02]]

[[-4.98347513e-01 -3.86956382e-01  7.75831499e-01  9.35074019e+02]
 [ 5.61577667e-01  5.37689967e-01  6.28903826e-01 -2.87601702e+01]
 [-6.60515162e-01  7.49102301e-01 -5.06503953e-02 -1.13599238e+02]]

[[-5.12517302e-01 -3.59388155e-01  7.79850094e-01  9.29247606e+02]
 [ 5.52961296e-01  5.56683432e-01  6.19949483e-01 -3.35462820e+01]
 [-6.56932128e-01  7.48961755e-01 -8.65821503e-02 -1.16040487e+02]]

[[-4.99406083e-01 -3.71889679e-01  7.82490659e-01  9.31313516e+02]
 [ 5.56317423e-01  5.54727845e-01  6.18698588e-01 -3.72062965e+01]
 [-6.64156976e-01  7.44295025e-01 -7.01457528e-02 -1.15810190e+02]]

[[-4.63677733e-01 -3.47545316e-01  8.14993996e-01  9.28267701e+02]
 [ 5.77524637e-01  5.79027423e-01  5.75493299e-01 -5.45194962e+01]
 [-6.71913874e-01  7.37522540e-01 -6.77661403e-02 -1.19499410e+02]]

[[-4.74055497e-01 -3.53846235e-01  8.06265606e-01  9.25647786e+02]
 [ 5.76831762e-01  5.67022198e-01  5.88005906e-01 -5.46017732e+01]
 [-6.65234172e-01  7.43827042e-01 -6.46902430e-02 -1.22238360e+02]]

[[-4.77661444e-01 -3.58832066e-01  8.01922124e-01  9.27467791e+02]
 [ 5.66593647e-01  5.71771774e-01  5.93336900e-01 -5.35456739e+01]
 [-6.71424742e-01  7.37778142e-01 -6.98013624e-02 -1.20158776e+02]]

[[-4.71518748e-01 -3.58220369e-01  8.05821468e-01  9.25949968e+02]
 [ 5.78639430e-01  5.63878044e-01  5.89252036e-01 -5.34982804e+01]
 [-6.65467114e-01  7.44123457e-01 -5.85986394e-02 -1.22025932e+02]]

[[-5.24093556e-01 -3.83569909e-01  7.60394680e-01  9.32732471e+02]
 [ 5.70817530e-01  5.04410001e-01  6.47871823e-01 -1.32159229e+01]
 [-6.32054817e-01  7.73592060e-01 -4.54096027e-02 -1.28221002e+02]]

[[-5.30967983e-01 -4.01279332e-01  7.46356416e-01  9.39250882e+02]
 [ 5.76209046e-01  4.74834596e-01  6.65218191e-01  1.02850443e+01]
 [-6.21334158e-01  7.83266879e-01 -2.09011864e-02 -1.24389933e+02]]

[[-5.36885342e-01 -4.03011475e-01  7.41171964e-01  9.42023268e+02]
 [ 5.71240929e-01  4.72841158e-01  6.70898682e-01  1.68615291e+01]
 [-6.20836477e-01  7.83583429e-01 -2.36448378e-02 -1.21786983e+02]]

[[-5.20870945e-01 -3.82859008e-01  7.62962934e-01  9.38517022e+02]
 [ 5.91432908e-01  4.82641142e-01  6.45960249e-01  1.43043232e+01]
 [-6.15549002e-01  7.87703312e-01 -2.49583310e-02 -1.22567189e+02]]

[[-5.29069640e-01 -4.10881850e-01  7.42469812e-01  9.41942942e+02]
 [ 5.71171047e-01  4.74652874e-01  6.69677747e-01  1.64339421e+01]
 [-6.27573861e-01  7.78383424e-01 -1.64406089e-02 -1.19983023e+02]]

[[-5.13617960e-01 -3.99720453e-01  7.59223386e-01  9.38788564e+02]
 [ 5.88809805e-01  4.79417877e-01  6.50739204e-01  9.40485057e+00]
 [-6.24099034e-01  7.81269517e-01 -1.08783101e-02 -1.15593060e+02]]

[[-5.05429369e-01 -3.93278899e-01  7.68031810e-01  9.35253880e+02]
 [ 5.91830131e-01  4.89722354e-01  6.40241448e-01 -3.16933511e+00]
 [-6.27915797e-01  7.78141198e-01 -1.47657581e-02 -1.13139446e+02]]

[[-4.95118229e-01 -3.96976742e-01  7.72830774e-01  9.32329298e+02]
 [ 5.91659245e-01  4.97328692e-01  6.34510449e-01 -1.46076108e+01]
 [-6.36236809e-01  7.71410162e-01 -1.13615420e-02 -1.11925637e+02]]

[[-4.76995305e-01 -3.99086369e-01  7.83074421e-01  9.32350526e+02]
 [ 5.95746132e-01  5.08245971e-01  6.21910427e-01 -2.03116448e+01]
 [-6.46190394e-01  7.63161911e-01 -4.67678138e-03 -1.08819396e+02]]

[[-4.78068317e-01 -3.82160941e-01  7.90824696e-01  9.27915789e+02]
 [ 5.94666441e-01  5.21793177e-01  6.11640176e-01 -3.09365315e+01]
 [-6.46391915e-01  7.62682697e-01 -2.21944998e-02 -1.11185551e+02]]

[[-4.85424458e-01 -4.00846876e-01  7.76971607e-01  9.29164158e+02]
 [ 5.82308175e-01  5.14656556e-01  6.29321713e-01 -2.78153487e+01]
 [-6.52135174e-01  7.57925070e-01 -1.64104671e-02 -1.08070865e+02]]

[[-4.90725281e-01 -4.04042087e-01  7.71970654e-01  9.29930390e+02]
 [ 5.76761306e-01  5.13462315e-01  6.35376146e-01 -2.68473256e+01]
 [-6.53096543e-01  7.57037940e-01 -1.89330975e-02 -1.07416374e+02]]

[[-4.73622243e-01 -3.94732475e-01  7.87317118e-01  9.27195212e+02]
 [ 5.96529188e-01  5.13890952e-01  6.16497379e-01 -3.02178649e+01]
 [-6.47946679e-01  7.61644512e-01 -7.92074294e-03 -1.08811243e+02]]

[[-4.75998707e-01 -3.97279685e-01  7.84598039e-01  9.28274141e+02]
 [ 5.84502273e-01  5.23681436e-01  6.19769994e-01 -3.50669974e+01]
 [-6.57101457e-01  7.53609053e-01 -1.70608074e-02 -1.08068751e+02]]

[[-4.51977336e-01 -3.77165422e-01  8.08370418e-01  9.22709335e+02]
 [ 5.96907485e-01  5.45549256e-01  5.88283489e-01 -5.71901905e+01]
 [-6.62886071e-01  7.48413157e-01 -2.14430356e-02 -1.08513263e+02]]

[[-4.69475745e-01 -3.87362281e-01  7.93437451e-01  9.22203516e+02]
 [ 5.78236846e-01  5.44222521e-01  6.07835502e-01 -6.43897848e+01]
 [-6.67259077e-01  7.44158794e-01 -3.15121300e-02 -1.10146232e+02]]

[[-4.51612240e-01 -3.79959881e-01  8.07265058e-01  9.19577001e+02]
 [ 5.97115885e-01  5.43576739e-01  5.89895710e-01 -5.96773865e+01]
 [-6.62947211e-01  7.48434913e-01 -1.86058283e-02 -1.09450284e+02]]

[[-4.68149438e-01 -4.00549401e-01  7.87652386e-01  9.21381758e+02]
 [ 5.77967708e-01  5.35459727e-01  6.15821573e-01 -5.77456838e+01]
 [-6.68423094e-01  7.43534167e-01 -1.91705514e-02 -1.09503236e+02]]

[[-4.71914147e-01 -3.87393565e-01  7.91974282e-01  9.19735044e+02]
 [ 5.77662864e-01  5.42747861e-01  6.09696953e-01 -6.04524913e+01]
 [-6.66035024e-01  7.45218750e-01 -3.23475180e-02 -1.09914023e+02]]

[[-4.64015943e-01 -3.84202718e-01  7.98171332e-01  9.18309143e+02]
 [ 5.73539816e-01  5.56380670e-01  6.01242572e-01 -6.95755204e+01]
 [-6.75086131e-01  7.36769178e-01 -3.78139451e-02 -1.07540128e+02]]

[[-4.43574724e-01 -3.83099372e-01  8.10232272e-01  9.15539425e+02]
 [ 5.83695538e-01  5.62536549e-01  5.85535780e-01 -7.84184772e+01]
 [-6.80103656e-01  7.32657834e-01 -2.59136005e-02 -1.05253026e+02]]

[[-4.33525125e-01 -3.64231200e-01  8.24252145e-01  9.12886045e+02]
 [ 5.90798116e-01  5.75790576e-01  5.65175016e-01 -8.38082683e+01]
 [-6.80450992e-01  7.31984184e-01 -3.44325746e-02 -1.04636987e+02]]

[[-4.38972214e-01 -3.89001006e-01  8.09926918e-01  9.15296633e+02]
 [ 5.75202318e-01  5.70826919e-01  5.85917163e-01 -7.87506082e+01]
 [-6.90250453e-01  7.23073195e-01 -2.68228762e-02 -1.02321375e+02]]

[[-4.34483681e-01 -3.72121403e-01  8.20213139e-01  9.11909741e+02]
 [ 5.93306838e-01  5.66911323e-01  5.71488012e-01 -7.93085137e+01]
 [-6.77651036e-01  7.34940279e-01 -2.55315453e-02 -1.05147125e+02]]

[[-4.32709029e-01 -3.63100478e-01  8.25179338e-01  9.11897709e+02]
 [ 5.96004359e-01  5.71536996e-01  5.64025058e-01 -8.26321443e+01]
 [-6.76418288e-01  7.35869217e-01 -3.08997508e-02 -1.04947292e+02]]

[[-4.33639566e-01 -3.65546314e-01  8.23609506e-01  9.09599039e+02]
 [ 5.71506357e-01  5.95086499e-01  5.65024373e-01 -9.93817114e+01]
 [-6.96661475e-01  7.15714993e-01 -4.91410088e-02 -9.99951263e+01]]

[[-4.08046026e-01 -3.62277065e-01  8.38005828e-01  9.06078780e+02]
 [ 5.76712505e-01  6.09287757e-01  5.44216056e-01 -1.15073466e+02]
 [-7.07743687e-01  7.05353639e-01 -3.96877341e-02 -9.57854601e+01]]

[[-4.28687160e-01 -3.56533538e-01  8.30127192e-01  9.02109470e+02]
 [ 5.74895820e-01  6.01154907e-01  5.55074386e-01 -1.09283973e+02]
 [-6.96937670e-01  7.15189915e-01 -5.27377488e-02 -9.59242300e+01]]

[[-4.13938682e-01 -3.69573959e-01  8.31907360e-01  9.02667787e+02]
 [ 5.84031760e-01  5.93176705e-01  5.54119391e-01 -1.06756937e+02]
 [-6.98256164e-01  7.15231771e-01 -2.96958541e-02 -9.56796321e+01]]

[[-4.14446956e-01 -3.62483240e-01  8.34769203e-01  8.99335116e+02]
 [ 5.80422264e-01  6.01209791e-01  5.49232904e-01 -1.08902958e+02]
 [-7.00959140e-01  7.12146535e-01 -3.87762252e-02 -9.70634762e+01]]

[[-4.18547859e-01 -3.60484357e-01  8.33587858e-01  9.02489636e+02]
 [ 5.79929367e-01  6.00275367e-01  5.50773468e-01 -1.07244530e+02]
 [-6.98927477e-01  7.13947135e-01 -4.21885046e-02 -9.59841440e+01]]

[[-4.13655006e-01 -3.63670542e-01  8.34645597e-01  9.01325743e+02]
 [ 5.77387135e-01  6.04026298e-01  5.49341722e-01 -1.08046944e+02]
 [-7.03927292e-01  7.09151584e-01 -3.98798093e-02 -9.56707889e+01]]

[[-4.26545939e-01 -3.49392701e-01  8.34256137e-01  8.99013277e+02]
 [ 5.76482279e-01  6.05718212e-01  5.48428327e-01 -1.09413721e+02]
 [-6.96940990e-01  7.14863755e-01 -5.69479430e-02 -9.81275922e+01]]

[[-4.17007884e-01 -3.71240460e-01  8.29629402e-01  9.03916908e+02]
 [ 5.74320191e-01  5.99837304e-01  5.57092026e-01 -1.06222583e+02]
 [-7.04457765e-01  7.08784684e-01 -3.69259929e-02 -9.43400934e+01]]

[[-4.33033177e-01 -3.74367906e-01  8.19957888e-01  9.05217302e+02]
 [ 5.69863294e-01  5.91104059e-01  5.70834317e-01 -1.05414791e+02]
 [-6.98382484e-01  7.14454101e-01 -4.26291405e-02 -9.60472779e+01]]

[[-4.01066123e-01 -3.68907062e-01  8.38482883e-01  9.02881397e+02]
 [ 5.87918341e-01  5.98278723e-01  5.44439707e-01 -1.06911805e+02]
 [-7.02494121e-01  7.11315788e-01 -2.30620999e-02 -9.43596645e+01]]

[[-4.12855270e-01 -3.71967650e-01  8.31378730e-01  9.03648270e+02]
 [ 5.79704393e-01  5.96722435e-01  5.54855975e-01 -1.06134416e+02]
 [-7.02490813e-01  7.11029115e-01 -3.07287211e-02 -9.44770112e+01]]

[[-4.04213513e-01 -3.72196137e-01  8.35512700e-01  9.04418847e+02]
 [ 5.85127059e-01  5.96874555e-01  5.48969116e-01 -1.05873531e+02]
 [-7.03020455e-01  7.10781824e-01 -2.34827298e-02 -9.35976708e+01]]

[[-4.22222546e-01 -3.52756426e-01  8.35039535e-01  9.00812752e+02]
 [ 5.81824433e-01  6.00934459e-01  5.48049363e-01 -1.07977585e+02]
 [-6.95131966e-01  7.17245202e-01 -4.84857699e-02 -9.69711856e+01]]

[[-4.12819350e-01 -3.70067345e-01  8.32244161e-01  9.04272999e+02]
 [ 5.74138570e-01  6.03608285e-01  5.53192498e-01 -1.05884337e+02]
 [-7.07067951e-01  7.06192040e-01 -3.67112438e-02 -9.32977286e+01]]

[[-4.04152138e-01 -3.71159316e-01  8.36003476e-01  9.05017418e+02]
 [ 5.87314985e-01  5.95378290e-01  5.48257057e-01 -1.05268491e+02]
 [-7.01229034e-01  7.12576630e-01 -2.26359804e-02 -9.35113969e+01]]

[[-3.87753231e-01 -3.42967492e-01  8.55582101e-01  8.98877019e+02]
 [ 6.02604794e-01  6.08058523e-01  5.16848426e-01 -1.08947579e+02]
 [-6.97506197e-01  7.15987522e-01 -2.91028021e-02 -9.52264057e+01]]

[[-3.93526340e-01 -3.48074429e-01  8.50870855e-01  8.98684708e+02]
 [ 5.99529826e-01  6.04481383e-01  5.24562909e-01 -1.09155112e+02]
 [-6.96922526e-01  7.16551777e-01 -2.91983440e-02 -9.62950977e+01]]

[[-4.18292796e-01 -3.72487510e-01  8.28422713e-01  9.04125554e+02]
 [ 5.77164181e-01  5.95249395e-01  5.59070359e-01 -1.05912799e+02]
 [-7.01364844e-01  7.11991020e-01 -3.40020852e-02 -9.47136733e+01]]

[[-4.24833410e-01 -3.77432646e-01  8.22837269e-01  9.03642081e+02]
 [ 5.71730855e-01  5.92863082e-01  5.67130669e-01 -1.06425850e+02]
 [-7.01883469e-01  7.11377511e-01 -3.60781550e-02 -9.57080632e+01]]

[[-4.13439561e-01 -3.62530477e-01  8.35248096e-01  9.02979822e+02]
 [ 5.86692360e-01  5.95443336e-01  5.48852719e-01 -1.06687149e+02]
 [-6.96318751e-01  7.16951104e-01 -3.34859701e-02 -9.55002491e+01]]

[[-4.03614662e-01 -3.59290924e-01  8.41430471e-01  9.02110881e+02]
 [ 5.89014889e-01  6.01699107e-01  5.39462367e-01 -1.07344467e+02]
 [-7.00111895e-01  7.13349996e-01 -3.12268780e-02 -9.47651295e+01]]

[[-4.07765343e-01 -3.48622082e-01  8.43913544e-01  9.00251409e+02]
 [ 5.86462773e-01  6.08403852e-01  5.34701943e-01 -1.08597407e+02]
 [-6.99849156e-01  7.12956798e-01 -4.36321325e-02 -9.52806008e+01]]

[[-4.04601209e-01 -3.80205842e-01  8.31709913e-01  9.06185097e+02]
 [ 5.80666197e-01  5.95801820e-01  5.54839579e-01 -1.04825945e+02]
 [-7.06487530e-01  7.07434596e-01 -2.02894564e-02 -9.23810521e+01]]

[[-4.11448079e-01 -3.77487248e-01  8.29586557e-01  9.04811428e+02]
 [ 5.79329720e-01  5.94356397e-01  5.57779122e-01 -1.05644481e+02]
 [-7.03624583e-01  7.10101296e-01 -2.58572159e-02 -9.37927104e+01]]

[[-4.12913863e-01 -3.85923434e-01  8.24963784e-01  9.06306895e+02]
 [ 5.79718860e-01  5.87233206e-01  5.64874504e-01 -1.04318628e+02]
 [-7.02444436e-01  7.11491578e-01 -1.87496384e-02 -9.39754010e+01]]

[[-4.11987256e-01 -3.70635345e-01  8.32403714e-01  9.03073371e+02]
 [ 5.81331428e-01  5.96546959e-01  5.53340308e-01 -1.06692040e+02]
 [-7.01655379e-01  7.11871595e-01 -3.03077701e-02 -9.50841992e+01]]

[[-4.03004228e-01 -3.65993294e-01  8.38830436e-01  9.03523725e+02]
 [ 5.88610551e-01  5.98190459e-01  5.43788372e-01 -1.06449035e+02]
 [-7.00803262e-01  7.12893458e-01 -2.56457695e-02 -9.41676014e+01]]

[[-4.16329187e-01 -3.79094406e-01  8.26412391e-01  9.04333116e+02]
 [ 5.75751305e-01  5.93548696e-01  5.62325866e-01 -1.05657725e+02]
 [-7.03690587e-01  7.09920683e-01 -2.88475469e-02 -9.48509126e+01]]

[[-4.02472637e-01 -3.72609351e-01  8.36168672e-01  9.04559126e+02]
 [ 5.85186784e-01  5.97696575e-01  5.48010248e-01 -1.05663874e+02]
 [-7.03968894e-01  7.09873986e-01 -2.25104492e-02 -9.32791164e+01]]

[[-4.15675178e-01 -3.61127021e-01  8.34746322e-01  9.02521954e+02]
 [ 5.84950516e-01  5.96645881e-01  5.49405666e-01 -1.06755029e+02]
 [-6.96453186e-01  7.16659590e-01 -3.67694453e-02 -9.56852662e+01]]

[[-4.02437619e-01 -3.62933769e-01  8.40430272e-01  9.02653543e+02]
 [ 5.93425822e-01  5.95617770e-01  5.41373499e-01 -1.07036509e+02]
 [-6.97057929e-01  7.16602087e-01 -2.43247268e-02 -9.53164291e+01]]

[[-4.02657485e-01 -3.67565142e-01  8.38309499e-01  9.03368975e+02]
 [ 5.87448223e-01  5.98579368e-01  5.44616678e-01 -1.06734922e+02]
 [-7.01976877e-01  7.11757407e-01 -2.50969737e-02 -9.42153349e+01]]

[[-4.12207686e-01 -3.80671129e-01  8.27752569e-01  9.05397635e+02]
 [ 5.79679267e-01  5.91336829e-01  5.60618143e-01 -1.05297686e+02]
 [-7.02891721e-01  7.10922110e-01 -2.30864245e-02 -9.40171844e+01]]

[[-4.12209617e-01 -3.68777675e-01  8.33118394e-01  9.04231963e+02]
 [ 5.81404207e-01  5.97556381e-01  5.52173451e-01 -1.06058061e+02]
 [-7.01464454e-01  7.11989746e-01 -3.19095953e-02 -9.44145349e+01]]

[[-3.98727750e-01 -3.73547140e-01  8.37543262e-01  9.04716016e+02]
 [ 5.95981606e-01  5.88583059e-01  5.46237959e-01 -1.05635329e+02]
 [-6.97009402e-01  7.16960611e-01 -1.20571744e-02 -9.42632721e+01]]

[[-4.12536707e-01 -3.75985842e-01  8.29727734e-01  9.04993557e+02]
 [ 5.80047900e-01  5.93899824e-01  5.57518999e-01 -1.05481203e+02]
 [-7.02394405e-01  7.11278881e-01 -2.69156797e-02 -9.39935409e+01]]

[[-4.12962160e-01 -3.72845170e-01  8.30932448e-01  9.03813968e+02]
 [ 5.81082151e-01  5.94666886e-01  5.55621119e-01 -1.06315221e+02]
 [-7.01288663e-01  7.12290512e-01 -2.89212484e-02 -9.49334211e+01]]

[[-4.12633428e-01 -3.63886760e-01  8.35056932e-01  9.03576414e+02]
 [ 5.85673782e-01  5.96143201e-01  5.49180758e-01 -1.06509994e+02]
 [-6.97653119e-01  7.15681290e-01 -3.28696776e-02 -9.50780243e+01]]

[[-4.18731378e-01 -3.80138769e-01  8.24717254e-01  9.05066991e+02]
 [ 5.74666147e-01  5.92275836e-01  5.64772657e-01 -1.05541952e+02]
 [-7.03152083e-01  7.10425120e-01 -2.95515956e-02 -9.44460805e+01]]

[[-4.09239051e-01 -3.66025659e-01  8.35792209e-01  9.02117682e+02]
 [ 5.86821066e-01  5.95847035e-01  5.48276707e-01 -1.07264235e+02]
 [-6.98687652e-01  7.14836714e-01 -2.90523076e-02 -9.55745864e+01]]

[[-4.30059583e-01 -3.80416143e-01  8.18738244e-01  9.05313635e+02]
 [ 5.68073087e-01  5.90819795e-01  5.72909188e-01 -1.05373048e+02]
 [-7.01670665e-01  7.11488249e-01 -3.79835417e-02 -9.50812725e+01]]

[[-4.01831181e-01 -3.62591233e-01  8.40868182e-01  9.03579485e+02]
 [ 5.93043866e-01  5.96631364e-01  5.40675492e-01 -1.06177600e+02]
 [-6.97732524e-01  7.15931990e-01 -2.47125790e-02 -9.44998371e+01]]

[[-4.05336934e-01 -3.75742416e-01  8.33378430e-01  9.05517312e+02]
 [ 5.85238970e-01  5.93670786e-01  5.52313630e-01 -1.05048107e+02]
 [-7.02280085e-01  7.11598647e-01 -2.07375910e-02 -9.33680696e+01]]

[[-3.98132212e-01 -3.67701063e-01  8.40408633e-01  9.03853588e+02]
 [ 5.88298482e-01  6.00592441e-01  5.41473560e-01 -1.06106346e+02]
 [-7.03843476e-01  7.09989189e-01 -2.27972197e-02 -9.30983693e+01]]

[[-4.11949107e-01 -3.69440960e-01  8.32953366e-01  9.02310775e+02]
 [ 5.79861010e-01  5.98854768e-01  5.52389514e-01 -1.07318557e+02]
 [-7.02893408e-01  7.10553547e-01 -3.24732792e-02 -9.51110815e+01]]

[[-4.07261621e-01 -3.63591443e-01  8.37818139e-01  9.01850154e+02]
 [ 5.85445469e-01  6.00157270e-01  5.45036563e-01 -1.07773062e+02]
 [-7.00993278e-01  7.12469307e-01 -3.15580599e-02 -9.54351629e+01]]

[[-4.06880736e-01 -3.53401804e-01  8.42351014e-01  9.00374103e+02]
 [ 5.88552408e-01  6.03805582e-01  5.37610344e-01 -1.08860698e+02]
 [-6.98608710e-01  7.14511010e-01 -3.76813770e-02 -9.64186971e+01]]

[[-3.92040718e-01 -3.65513577e-01  8.44217922e-01  9.04110496e+02]
 [ 5.98105399e-01  5.95986488e-01  5.35789173e-01 -1.06134064e+02]
 [-6.98980692e-01  7.14982469e-01 -1.50353270e-02 -9.36038026e+01]]

[[-4.13940969e-01 -3.46241630e-01  8.41884557e-01  9.01116280e+02]
 [ 5.93482032e-01  5.98613553e-01  5.37997112e-01 -1.08001941e+02]
 [-6.90240503e-01  7.22342404e-01 -4.23024877e-02 -9.71937433e+01]]

[[-4.16907556e-01 -3.74741559e-01  8.28104374e-01  9.02963810e+02]
 [ 5.73394846e-01  5.98477040e-01  5.59502978e-01 -1.06799700e+02]
 [-7.05270473e-01  7.08091800e-01 -3.46347219e-02 -9.46916098e+01]]

[[-4.25427290e-01 -3.77141954e-01  8.22663703e-01  9.05327461e+02]
 [ 5.65937979e-01  5.98485588e-01  5.67035453e-01 -1.04993638e+02]
 [-7.06205228e-01  7.06808989e-01 -4.11731470e-02 -9.36392002e+01]]

[[-4.16340239e-01 -3.66037807e-01  8.32272268e-01  9.03798092e+02]
 [ 5.84306873e-01  5.93606857e-01  5.53368211e-01 -1.10112299e+02]
 [-6.96596212e-01  7.16691860e-01 -3.32640142e-02 -9.63539990e+01]]

[[-4.28663540e-01 -3.77521950e-01  8.20807375e-01  9.26249136e+02]
 [ 5.66954853e-01  5.94951790e-01  5.69732009e-01 -8.47195547e+01]
 [-7.03427156e-01  7.09584064e-01 -4.09962385e-02 -5.76208538e+01]]

[[-3.97522277e-01 -4.00219001e-01  8.25712293e-01  9.29919991e+02]
 [ 5.99717019e-01  5.67754732e-01  5.63909622e-01 -8.22995828e+01]
 [-6.94489407e-01  7.19360352e-01  1.43229917e-02 -5.51333843e+01]]

[[-3.89645143e-01 -3.93660593e-01  8.32591136e-01  9.27480513e+02]
 [ 6.17384086e-01  5.59176084e-01  5.53316363e-01 -8.36954038e+01]
 [-6.83383899e-01  7.29625551e-01  2.51595400e-02 -5.79404487e+01]]

[[-4.22367468e-01 -3.97333507e-01  8.14697371e-01  9.26074200e+02]
 [ 5.72501621e-01  5.79895136e-01  5.79623607e-01 -9.24041283e+01]
 [-7.02742923e-01  7.11229721e-01 -1.74547635e-02 -7.03386085e+01]]

[[-4.07677314e-01 -3.66649261e-01  8.36281966e-01  9.18603149e+02]
 [ 6.00409159e-01  5.82387496e-01  5.48027049e-01 -1.07439916e+02]
 [-6.87973873e-01  7.25529547e-01 -1.72865955e-02 -8.90054707e+01]]

[[-4.33310375e-01 -4.28482908e-01  7.92871059e-01  9.33697249e+02]
 [ 5.53759659e-01  5.67511470e-01  6.09328295e-01 -9.19595321e+01]
 [-7.11050180e-01  7.03088279e-01 -8.63205897e-03 -7.29870835e+01]]

[[-4.33268689e-01 -4.27959222e-01  7.93176618e-01  9.34691575e+02]
 [ 5.52172531e-01  5.69511832e-01  6.08902101e-01 -9.15705679e+01]
 [-7.12308739e-01  7.01788556e-01 -1.04443179e-02 -7.20961825e+01]]

[[-4.21430820e-01 -4.00899491e-01  8.13434485e-01  9.36544774e+02]
 [ 5.78244882e-01  5.72184714e-01  5.81581903e-01 -1.01319635e+02]
 [-6.98590667e-01  7.15460867e-01 -9.31819410e-03 -7.65540148e+01]]

[[-4.20576051e-01 -4.00490041e-01  8.14078321e-01  9.44445206e+02]
 [ 6.08713333e-01  5.40794357e-01  5.80525229e-01 -1.08064894e+02]
 [-6.72743535e-01  7.39695336e-01  1.63384727e-02 -5.28042640e+01]]

[[-4.05924232e-01 -3.51899169e-01  8.43440865e-01  9.43805440e+02]
 [ 6.44658565e-01  5.43916010e-01  5.37187779e-01 -1.14596984e+02]
 [-6.47796922e-01  7.61788914e-01  6.06612429e-03 -5.63652068e+01]]

[[-3.94135984e-01 -3.45203107e-01  8.51757971e-01  9.40640791e+02]
 [ 6.50261629e-01  5.50190473e-01  5.23880003e-01 -1.16560085e+02]
 [-6.49474126e-01  7.60345486e-01  7.62247087e-03 -5.72612426e+01]]

[[-4.00418622e-01 -3.57751322e-01  8.43610644e-01  9.44369094e+02]
 [ 6.43046221e-01  5.46167931e-01  5.36835309e-01 -1.14691482e+02]
 [-6.52806621e-01  7.57439492e-01  1.13548255e-02 -5.47158245e+01]]

[[-3.81793043e-01 -3.32433776e-01  8.62393099e-01  9.38952561e+02]
 [ 6.56667235e-01  5.59047047e-01  5.06215904e-01 -1.17715083e+02]
 [-6.50401580e-01  7.59575002e-01  4.85809500e-03 -5.62606356e+01]]

[[-3.80459223e-01 -3.49408648e-01  8.56250183e-01  9.43987694e+02]
 [ 6.57904344e-01  5.48431049e-01  5.16125235e-01 -1.14456519e+02]
 [-6.49932807e-01  7.59695321e-01  2.12218162e-02 -5.43048544e+01]]

[[-4.07757255e-01 -3.49809284e-01  8.43426040e-01  9.42659365e+02]
 [ 6.40931877e-01  5.48246514e-01  5.37244906e-01 -1.15508569e+02]
 [-6.50338642e-01  7.59644143e-01  6.52426889e-04 -5.65430240e+01]]

[[-3.77153691e-01 -3.44062140e-01  8.59869954e-01  9.42953929e+02]
 [ 6.58699136e-01  5.53008233e-01  5.10193437e-01 -1.14906339e+02]
 [-6.51053409e-01  7.58816933e-01  1.80643381e-02 -5.42063795e+01]]

[[-3.98396500e-01 -3.60437407e-01  8.43424629e-01  9.46140584e+02]
 [ 6.47286674e-01  5.41018222e-01  5.36953671e-01 -1.12957711e+02]
 [-6.49846282e-01  7.59857986e-01  1.77665640e-02 -5.48750567e+01]]

[[-3.74687542e-01 -3.39433179e-01  8.62782917e-01  9.41928073e+02]
 [ 6.61970572e-01  5.53612980e-01  5.05279754e-01 -1.15548986e+02]
 [-6.49156535e-01  7.60458931e-01  1.72628889e-02 -5.46345757e+01]]

[[-3.88512396e-01 -3.59466036e-01  8.48435199e-01  9.48468800e+02]
 [ 6.55776901e-01  5.38973377e-01  5.28643884e-01 -1.11762069e+02]
 [-6.47313505e-01  7.61768907e-01  2.63316850e-02 -5.27993731e+01]]

[[-3.90738784e-01 -3.46847726e-01  8.52654594e-01  9.43117746e+02]
 [ 6.51808406e-01  5.49810992e-01  5.22353975e-01 -1.15155799e+02]
 [-6.49976157e-01  7.59871389e-01  1.12457851e-02 -5.52142437e+01]]

[[-3.90885014e-01 -3.51263373e-01  8.50777849e-01  9.42226496e+02]
 [ 6.50005112e-01  5.49093557e-01  5.25347143e-01 -1.15807565e+02]
 [-6.51691845e-01  7.58360276e-01  1.36905455e-02 -5.55949276e+01]]

[[-3.79780808e-01 -3.36044803e-01  8.61881911e-01  9.42168607e+02]
 [ 6.59003681e-01  5.55575327e-01  5.07001187e-01 -1.15707698e+02]
 [-6.49215439e-01  7.60532673e-01  1.04579154e-02 -5.46355825e+01]]

[[-4.11945039e-01 -3.27116507e-01  8.50468151e-01  9.48439032e+02]
 [ 6.38082979e-01  5.62742757e-01  5.25519459e-01 -1.13434385e+02]
 [-6.50500881e-01  7.59154386e-01 -2.30916117e-02 -7.29893834e+01]]

[[-4.42085402e-01 -3.18088665e-01  8.38677589e-01  9.68701774e+02]
 [ 6.38982146e-01  5.44504836e-01  5.43338109e-01 -9.95147977e+01]
 [-6.29493697e-01  7.76101852e-01 -3.74646612e-02 -9.26975123e+01]]

[[-4.26215568e-01 -3.19918168e-01  8.46163492e-01  9.72715483e+02]
 [ 6.51827114e-01  5.39982774e-01  5.32484759e-01 -9.83369616e+01]
 [-6.27265258e-01  7.78505601e-01 -2.16177285e-02 -9.16199026e+01]]

[[-4.39830136e-01 -2.78060641e-01  8.53950661e-01  9.72360497e+02]
 [ 6.58836226e-01  5.46282072e-01  5.17214389e-01 -1.00897953e+02]
 [-6.10314901e-01  7.90100106e-01 -5.70748948e-02 -1.13454686e+02]]

[[-4.61506620e-01 -2.90992228e-01  8.38054392e-01  9.76925055e+02]
 [ 6.36510629e-01  5.49417665e-01  5.41289615e-01 -9.96123994e+01]
 [-6.17952958e-01  7.83239269e-01 -6.83402434e-02 -1.18923244e+02]]

[[-4.60077675e-01 -2.80273603e-01  8.42481596e-01  9.62395499e+02]
 [ 6.32431433e-01  5.62545924e-01  5.32515320e-01 -1.03394564e+02]
 [-6.23184576e-01  7.77810253e-01 -8.15609846e-02 -1.06481658e+02]]

[[-4.51296453e-01 -3.41001173e-01  8.24651266e-01  9.78856318e+02]
 [ 6.23380010e-01  5.40775233e-01  5.64765005e-01 -9.34289440e+01]
 [-6.38536510e-01  7.68947558e-01 -3.14766299e-02 -9.67914789e+01]]

[[-4.57074262e-01 -3.35254791e-01  8.23824826e-01  9.74883564e+02]
 [ 6.22576728e-01  5.40895933e-01  5.65534974e-01 -9.71477052e+01]
 [-6.35201808e-01  7.71385646e-01 -3.85077789e-02 -1.00260796e+02]]

[[-4.42389724e-01 -2.88444698e-01  8.49170765e-01  9.70464242e+02]
 [ 6.50763725e-01  5.48274732e-01  5.25263166e-01 -9.96850869e+01]
 [-6.17088249e-01  7.84980557e-01 -5.48417611e-02 -1.02692239e+02]]

[[-4.55709236e-01 -3.14231947e-01  8.32818934e-01  9.74809196e+02]
 [ 6.34019847e-01  5.42118894e-01  5.51476145e-01 -9.70112105e+01]
 [-6.24778302e-01  7.79336505e-01 -4.78192964e-02 -1.01099097e+02]]

[[-4.23407744e-01 -3.02326624e-01  8.54004973e-01  9.70549435e+02]
 [ 6.53454096e-01  5.50998754e-01  5.19035757e-01 -9.96892471e+01]
 [-6.27474004e-01  7.77816807e-01 -3.57405690e-02 -1.00371392e+02]]

[[-4.42132405e-01 -3.00198041e-01  8.45221908e-01  9.70991574e+02]
 [ 6.44575637e-01  5.48947790e-01  5.32145255e-01 -9.91964146e+01]
 [-6.23731661e-01  7.80088111e-01 -4.92072629e-02 -1.01656087e+02]]

[[-4.46698324e-01 -2.97432942e-01  8.43797519e-01  9.70648137e+02]
 [ 6.41510170e-01  5.50922810e-01  5.33805919e-01 -9.96866196e+01]
 [-6.23638765e-01  7.79754899e-01 -5.52900392e-02 -1.02292115e+02]]

[[-4.46699458e-01 -3.05808952e-01  8.40797526e-01  9.72939460e+02]
 [ 6.41990047e-01  5.44985700e-01  5.39295250e-01 -9.81591874e+01]
 [-6.23143943e-01  7.80686539e-01 -4.71185131e-02 -1.01351858e+02]]

[[-4.41229181e-01 -3.18093063e-01  8.39126697e-01  9.73755778e+02]
 [ 6.42509841e-01  5.40821281e-01  5.42856746e-01 -9.78193979e+01]
 [-6.26496540e-01  7.78671398e-01 -3.42482073e-02 -1.01200931e+02]]

[[-4.53326546e-01 -3.22517213e-01  8.30949872e-01  9.73193560e+02]
 [ 6.31659775e-01  5.41504653e-01  5.54778009e-01 -9.78121552e+01]
 [-6.28888680e-01  7.76373208e-01 -4.17572836e-02 -1.01326653e+02]]

[[-4.43780546e-01 -3.21382922e-01  8.36523667e-01  9.75317837e+02]
 [ 6.44812476e-01  5.33728826e-01  5.47129245e-01 -9.68117759e+01]
 [-6.22314790e-01  7.82206212e-01 -2.96267517e-02 -1.01020621e+02]]

[[-4.42429914e-01 -2.88018383e-01  8.49294520e-01  9.68674913e+02]
 [ 6.48282190e-01  5.51652471e-01  5.24794963e-01 -1.00779081e+02]
 [-6.19666018e-01  7.82767502e-01 -5.73503673e-02 -1.02835326e+02]]

[[-4.28383104e-01 -3.15885947e-01  8.46583714e-01  9.73068618e+02]
 [ 6.52004661e-01  5.40602055e-01  5.31638355e-01 -9.77836516e+01]
 [-6.25601981e-01  7.79721416e-01 -2.56256761e-02 -1.00722845e+02]]

[[-4.27186718e-01 -2.76914489e-01  8.60714746e-01  9.69692947e+02]
 [ 6.61800151e-01  5.52856206e-01  5.06330500e-01 -9.98697905e+01]
 [-6.16061740e-01  7.85918814e-01 -5.29107775e-02 -1.01951909e+02]]

[[-4.30659895e-01 -3.00311310e-01  8.51084703e-01  9.73217352e+02]
 [ 6.55228662e-01  5.44465216e-01  5.23672635e-01 -9.77660639e+01]
 [-6.20650832e-01  7.83179893e-01 -3.77067550e-02 -1.00513873e+02]]

[[-4.69163548e-01 -3.06605912e-01  8.28177747e-01  9.80451452e+02]
 [ 6.28486538e-01  5.42888352e-01  5.57025052e-01 -9.75828937e+01]
 [-6.20395226e-01  7.81834415e-01 -6.20057373e-02 -1.21392901e+02]]

[[-4.90673678e-01 -2.54880520e-01  8.33231818e-01  9.98676073e+02]
 [ 6.49976512e-01  5.29809145e-01  5.44823645e-01 -9.01194094e+01]
 [-5.80318771e-01  8.08911732e-01 -9.42970508e-02 -1.50265893e+02]]

[[-5.06656953e-01 -2.59720812e-01  8.22097215e-01  9.94254433e+02]
 [ 6.34574225e-01  5.33151129e-01  5.59522498e-01 -9.12507622e+01]
 [-5.83621696e-01  8.05167668e-01 -1.05312593e-01 -1.47270186e+02]]

[[-4.93014789e-01 -2.51078504e-01  8.33004203e-01  9.97441225e+02]
 [ 6.37105326e-01  5.47832612e-01  5.42195752e-01 -8.87055049e+01]
 [-5.92480567e-01  7.98021938e-01 -1.10126127e-01 -1.41565250e+02]]

[[-4.93856330e-01 -2.72899930e-01  8.25609807e-01  9.98584940e+02]
 [ 6.32092802e-01  5.39352175e-01  5.56379295e-01 -8.81492990e+01]
 [-5.97130317e-01  7.96633453e-01 -9.38644039e-02 -1.41598498e+02]]

[[-5.29320860e-01 -2.61190054e-01  8.07216937e-01  1.00628977e+03]
 [ 6.16051009e-01  5.35858296e-01  5.77353480e-01 -9.60403616e+01]
 [-5.83352879e-01  8.02892049e-01 -1.22734578e-01 -1.65569717e+02]]

[[-5.38793338e-01 -2.41163014e-01  8.07181603e-01  1.00784791e+03]
 [ 6.15296162e-01  5.41807363e-01  5.72586600e-01 -1.06999237e+02]
 [-5.75423645e-01  8.05161588e-01 -1.43535521e-01 -1.82087981e+02]]

[[-4.99947713e-01 -2.43223913e-01  8.31200585e-01  1.01348812e+03]
 [ 6.52744300e-01  5.24947115e-01  5.46219191e-01 -1.04649813e+02]
 [-5.69189918e-01  8.15642480e-01 -1.03683087e-01 -1.85214278e+02]]

[[-5.02928606e-01 -2.01582394e-01  8.40492329e-01  1.01232077e+03]
 [ 6.49752202e-01  5.53094858e-01  5.21448132e-01 -1.04587801e+02]
 [-5.69986748e-01  8.08362924e-01 -1.47188622e-01 -1.82313404e+02]]

[[-5.20730438e-01 -2.35869687e-01  8.20490890e-01  1.01340715e+03]
 [ 6.28971728e-01  5.43860469e-01  5.55527097e-01 -1.02105641e+02]
 [-5.77264563e-01  8.05345442e-01 -1.34849336e-01 -1.81264355e+02]]

[[-5.25271861e-01 -2.60281930e-01  8.10149856e-01  1.01206294e+03]
 [ 6.01251693e-01  5.60193455e-01  5.69806717e-01 -9.66965905e+01]
 [-6.02151039e-01  7.86407407e-01 -1.37758908e-01 -1.66225187e+02]]

[[-4.95199912e-01 -2.08755881e-01  8.43325577e-01  9.95381226e+02]
 [ 6.46985179e-01  5.59226666e-01  5.18339382e-01 -1.11505555e+02]
 [-5.79816545e-01  8.02300766e-01 -1.41867035e-01 -1.78728865e+02]]

[[-5.32579103e-01 -1.54245627e-01  8.32206576e-01  9.94474371e+02]
 [ 6.33767527e-01  5.79022488e-01  5.12905137e-01 -1.23413979e+02]
 [-5.60979697e-01  8.00588062e-01 -2.10619408e-01 -2.05461934e+02]]

[[-4.92322865e-01 -1.86221334e-01  8.50258673e-01  9.99619226e+02]
 [ 6.57560108e-01  5.60453657e-01  5.03494193e-01 -1.16880467e+02]
 [-5.70291943e-01  8.06977889e-01 -1.53472430e-01 -1.99306602e+02]]

[[-5.42045847e-01 -2.27615617e-01  8.08935987e-01  1.00996020e+03]
 [ 6.20616078e-01  5.40598148e-01  5.67969476e-01 -1.09179640e+02]
 [-5.66588019e-01  8.09904175e-01 -1.51767069e-01 -1.99652594e+02]]

[[-5.13949455e-01 -1.73330605e-01  8.40126454e-01  9.95428790e+02]
 [ 6.46354243e-01  5.65656520e-01  5.12112189e-01 -1.23084325e+02]
 [-5.63987722e-01  8.06219079e-01 -1.78685888e-01 -1.98464239e+02]]

[[-4.91091544e-01 -1.74290432e-01  8.53493961e-01  1.00303812e+03]
 [ 6.76851630e-01  5.40425058e-01  4.99812592e-01 -1.58143956e+02]
 [-5.48362076e-01  8.23142516e-01 -1.47429413e-01 -1.87663146e+02]]

[[-4.94820297e-01 -1.92666829e-01  8.47367905e-01  1.00588146e+03]
 [ 6.69854724e-01  5.36609886e-01  5.13171004e-01 -1.50863449e+02]
 [-5.53577025e-01  8.21540823e-01 -1.36466678e-01 -1.85007248e+02]]

[[-5.07522118e-01 -2.30077932e-01  8.30352603e-01  1.01197677e+03]
 [ 6.45370261e-01  5.37003214e-01  5.43253877e-01 -1.28866465e+02]
 [-5.70892745e-01  8.11598234e-01 -1.24055554e-01 -1.87558609e+02]]

[[-4.90016407e-01 -1.89513787e-01  8.50863353e-01  1.00792366e+03]
 [ 6.63118276e-01  5.52531068e-01  5.04958979e-01 -1.15828087e+02]
 [-5.65825125e-01  8.11661225e-01 -1.45079232e-01 -1.95540791e+02]]

[[-5.37507888e-01 -2.21619422e-01  8.13615451e-01  1.01550652e+03]
 [ 6.10981343e-01  5.62643361e-01  5.56896980e-01 -9.13068380e+01]
 [-5.81194519e-01  7.96440381e-01 -1.67019912e-01 -2.10960628e+02]]

[[-5.72214049e-01 -2.49620031e-01  7.81191988e-01  1.01994038e+03]
 [ 5.68853302e-01  5.65339095e-01  5.97325396e-01 -7.15237451e+01]
 [-5.90742755e-01  7.86181625e-01 -1.81497794e-01 -2.14280587e+02]]

[[-5.43821333e-01 -1.96399442e-01  8.15895592e-01  1.01054051e+03]
 [ 6.04960303e-01  5.82069591e-01  5.43339694e-01 -8.13910281e+01]
 [-5.81619626e-01  7.89064161e-01 -1.97727995e-01 -2.08375570e+02]]

[[-5.30009968e-01 -1.58198788e-01  8.33104182e-01  9.95821928e+02]
 [ 6.33022636e-01  5.79896417e-01  5.12837682e-01 -1.22842145e+02]
 [-5.64244430e-01  7.99182889e-01 -2.07207467e-01 -1.96697507e+02]]

[[-5.05322105e-01 -1.73142070e-01  8.45382395e-01  1.00066230e+03]
 [ 6.58507128e-01  5.55760354e-01  5.07443388e-01 -1.21830495e+02]
 [-5.57689817e-01  8.13112694e-01 -1.66822705e-01 -1.89930843e+02]]

[[-5.78677744e-01 -2.51614368e-01  7.75772053e-01  1.01604619e+03]
 [ 5.75092411e-01  5.48572621e-01  6.06907570e-01 -1.03671348e+02]
 [-5.78273973e-01  7.97344524e-01 -1.72745253e-01 -2.02867780e+02]]

[[-5.59434061e-01 -1.73126661e-01  8.10592802e-01  1.01591260e+03]
 [ 6.19331048e-01  5.62637413e-01  5.47602223e-01 -1.11936887e+02]
 [-5.50874381e-01  8.08372625e-01 -2.07535817e-01 -2.18336422e+02]]

[[-5.66562523e-01 -1.80349867e-01  8.04040318e-01  1.01378407e+03]
 [ 6.08025834e-01  5.67071594e-01  5.55638725e-01 -1.05103201e+02]
 [-5.56157795e-01  8.03681363e-01 -2.11624134e-01 -2.06614915e+02]]

[[-5.46848469e-01 -2.17320924e-01  8.08534705e-01  1.00605354e+03]
 [ 6.15317370e-01  5.50563411e-01  5.64149328e-01 -9.06144871e+01]
 [-5.67751078e-01  8.06009644e-01 -1.67353419e-01 -1.80599898e+02]]

[[-5.68532249e-01 -2.42998957e-01  7.85953299e-01  1.00243473e+03]
 [ 5.86690447e-01  5.49956204e-01  5.94426188e-01 -8.53143403e+01]
 [-5.76684837e-01  7.99061750e-01 -1.70102671e-01 -1.78115542e+02]]

[[-5.56678706e-01 -2.31471955e-01  7.97828022e-01  1.00275893e+03]
 [ 6.07322880e-01  5.41879605e-01  5.80969374e-01 -6.83316297e+01]
 [-5.66804850e-01  8.07952491e-01 -1.61074623e-01 -1.91655610e+02]]

[[-5.89897627e-01 -2.26893178e-01  7.74945337e-01  1.00727283e+03]
 [ 5.80952834e-01  5.47290594e-01  6.02467269e-01 -6.66019947e+01]
 [-5.60816007e-01  8.05600702e-01 -1.91031188e-01 -2.05713317e+02]]

[[-5.56161830e-01 -2.32316814e-01  7.97942928e-01  1.01738906e+03]
 [ 6.02267737e-01  5.48943015e-01  5.79599120e-01 -8.23124085e+01]
 [-5.72675818e-01  8.02926188e-01 -1.65384230e-01 -1.94394155e+02]]

[[-5.76053197e-01 -2.26819851e-01  7.85312339e-01  1.01279219e+03]
 [ 5.95800920e-01  5.41238797e-01  5.93364836e-01 -1.03141621e+02]
 [-5.59628429e-01  8.09699525e-01 -1.76642863e-01 -2.03817980e+02]]

[[-5.68000057e-01 -1.53727243e-01  8.08544291e-01  9.98125061e+02]
 [ 6.10881215e-01  5.79599669e-01  5.39340676e-01 -1.12712174e+02]
 [-5.51543359e-01  8.00270053e-01 -2.35303560e-01 -2.08496671e+02]]

[[-5.68180860e-01 -1.86431790e-01  8.01507142e-01  1.00196052e+03]
 [ 6.03992279e-01  5.67035050e-01  5.60057657e-01 -1.10519902e+02]
 [-5.58895194e-01  8.02318166e-01 -2.09575101e-01 -2.07630249e+02]]

[[-5.69056417e-01 -1.82918795e-01  8.01695397e-01  1.00318105e+03]
 [ 6.01840196e-01  5.71691066e-01  5.57635816e-01 -1.10357434e+02]
 [-5.60324167e-01  7.99818754e-01 -2.15236586e-01 -2.06889832e+02]]

[[-5.71977754e-01 -1.76601982e-01  8.01032577e-01  1.00002395e+03]
 [ 6.01782298e-01  5.73257634e-01  5.56087898e-01 -1.11521350e+02]
 [-5.57404265e-01  8.00117132e-01 -2.21614667e-01 -2.07866923e+02]]

[[-5.74107166e-01 -1.63660123e-01  8.02257020e-01  9.97490519e+02]
 [ 6.01825298e-01  5.80007808e-01  5.48996587e-01 -1.12987196e+02]
 [-5.55164185e-01  7.98001445e-01 -2.34491837e-01 -2.08756228e+02]]

[[-5.61599988e-01 -1.55428640e-01  8.12679144e-01  9.97557752e+02]
 [ 6.09698362e-01  5.86254415e-01  5.33454467e-01 -1.12781155e+02]
 [-5.59350839e-01  7.95077165e-01 -2.34475885e-01 -2.07195554e+02]]

[[-5.60742801e-01 -1.60626556e-01  8.12260193e-01  9.96511442e+02]
 [ 6.10609917e-01  5.82337273e-01  5.36692490e-01 -1.13599772e+02]
 [-5.59216452e-01  7.96920579e-01 -2.28461265e-01 -2.07816466e+02]]

[[-5.68968276e-01 -1.80246855e-01  8.02362868e-01  1.00188640e+03]
 [ 6.01893221e-01  5.73557149e-01  5.55658840e-01 -1.10812634e+02]
 [-5.60356718e-01  7.99089024e-01 -2.17846462e-01 -2.07067639e+02]]

[[-5.73820186e-01 -1.88526864e-01  7.96986835e-01  1.00148286e+03]
 [ 5.94395867e-01  5.73588785e-01  5.63639476e-01 -1.10831541e+02]
 [-5.63403893e-01  7.97153390e-01 -2.17077235e-01 -2.07250393e+02]]

[[-5.58987708e-01 -1.89770229e-01  8.07167890e-01  1.00304124e+03]
 [ 6.02370079e-01  5.76020707e-01  5.52585227e-01 -1.10299159e+02]
 [-5.69809644e-01  7.95102135e-01 -2.07676587e-01 -2.05601052e+02]]

[[-5.70356167e-01 -1.86284440e-01  7.99994969e-01  1.00303282e+03]
 [ 6.01038304e-01  5.69189032e-01  5.61049732e-01 -1.10114887e+02]
 [-5.59863197e-01  8.00825794e-01 -2.12676391e-01 -2.07182441e+02]]

[[-5.65943033e-01 -1.51857349e-01  8.10338096e-01  9.97709081e+02]
 [ 6.14414020e-01  5.77693869e-01  5.37368779e-01 -1.12896866e+02]
 [-5.49730748e-01  8.02003204e-01 -2.33638536e-01 -2.08714796e+02]]

[[-5.67567075e-01 -1.76807823e-01  8.04118530e-01  1.00074142e+03]
 [ 6.08171745e-01  5.68302188e-01  5.54219949e-01 -1.11135868e+02]
 [-5.54972742e-01  8.03599164e-01 -2.15020089e-01 -2.08413805e+02]]

[[-5.67324385e-01 -1.51540598e-01  8.09430966e-01  9.95041048e+02]
 [ 6.09634555e-01  5.83506117e-01  5.36531752e-01 -1.14418138e+02]
 [-5.53614262e-01  7.97844633e-01 -2.38652864e-01 -2.09052889e+02]]

[[-5.77283829e-01 -1.88926382e-01  7.94386683e-01  1.00316316e+03]
 [ 5.97473737e-01  5.65386425e-01  5.68650441e-01 -1.09677739e+02]
 [-5.56568517e-01  8.02897884e-01 -2.13509889e-01 -2.08155690e+02]]

[[-5.74212300e-01 -1.71860731e-01  8.00464942e-01  9.99368260e+02]
 [ 6.04880833e-01  5.69826379e-01  5.56252709e-01 -1.11678067e+02]
 [-5.51724037e-01  8.03593048e-01 -2.23246053e-01 -2.09303274e+02]]

[[-5.82993644e-01 -1.57722800e-01  7.97020658e-01  9.99252932e+02]
 [ 5.99032264e-01  5.79280540e-01  5.52805936e-01 -1.11584580e+02]
 [-5.48888657e-01  7.99723436e-01 -2.43235827e-01 -2.08750481e+02]]

[[-5.73701095e-01 -1.79287655e-01  7.99201471e-01  1.00130848e+03]
 [ 6.00180259e-01  5.71961706e-01  5.59145298e-01 -1.10608452e+02]
 [-5.57360486e-01  8.00447215e-01 -2.20530145e-01 -2.07538896e+02]]

[[-5.76179972e-01 -1.81127293e-01  7.97000341e-01  9.99564832e+02]
 [ 5.94890452e-01  5.75745507e-01  5.60912168e-01 -1.11973546e+02]
 [-5.60465868e-01  7.97314251e-01 -2.23982133e-01 -2.08054217e+02]]

[[-5.51953314e-01 -1.76685730e-01  8.14941527e-01  1.00260364e+03]
 [ 6.11522098e-01  5.78649377e-01  5.39634712e-01 -1.10719610e+02]
 [-5.66911159e-01  7.96207920e-01 -2.11340213e-01 -2.05727517e+02]]

[[-5.84757041e-01 -1.82034880e-01  7.90520402e-01  1.00001473e+03]
 [ 5.89897105e-01  5.73516879e-01  5.68418679e-01 -1.11405582e+02]
 [-5.56848819e-01  7.98712521e-01 -2.27986185e-01 -2.08647188e+02]]

[[-5.81656278e-01 -1.94148716e-01  7.89925471e-01  1.00459182e+03]
 [ 5.87660528e-01  5.71151266e-01  5.73098016e-01 -1.08966102e+02]
 [-5.62433177e-01  7.97554078e-01 -2.18120183e-01 -2.06656438e+02]]

[[-5.77029690e-01 -1.84045072e-01  7.95716123e-01  1.00164310e+03]
 [ 5.98574036e-01  5.67540941e-01  5.65337424e-01 -1.10590786e+02]
 [-5.55649044e-01  8.02511490e-01 -2.17323372e-01 -2.08445157e+02]]

[[-5.84845932e-01 -1.72363833e-01  7.92619673e-01  9.96578731e+02]
 [ 5.91471623e-01  5.78071595e-01  5.62133925e-01 -1.13412987e+02]
 [-5.55082477e-01  7.97573783e-01 -2.36134505e-01 -2.09837818e+02]]

