[[ 9.80234714e-01  1.81249901e-01 -7.92992946e-02 -8.69293188e+02]
 [-1.94460871e-01  8.08968885e-01 -5.54756084e-01  7.37875693e+02]
 [-3.63988236e-02  5.59211781e-01  8.28225398e-01 -1.89133211e+01]
 [ 0.00000000e+00  0.00000000e+00  0.00000000e+00  1.00000000e+00]]

[[ 9.74831853e-01  1.98118405e-01 -1.02234807e-01 -8.73968033e+02]
 [-2.22060230e-01  8.22136416e-01 -5.24195543e-01  7.60484406e+02]
 [-1.98018274e-02  5.33704797e-01  8.45438985e-01 -2.12866331e+01]
 [ 0.00000000e+00  0.00000000e+00  0.00000000e+00  1.00000000e+00]]

[[ 9.73809871e-01  1.87383719e-01 -1.28769862e-01 -8.78534775e+02]
 [-2.27232368e-01  7.82848071e-01 -5.79236004e-01  7.54222474e+02]
 [-7.73215888e-03  5.93326418e-01  8.04924826e-01 -4.64071969e+01]
 [ 0.00000000e+00  0.00000000e+00  0.00000000e+00  1.00000000e+00]]

[[ 9.74901655e-01  1.97342710e-01 -1.03066080e-01 -8.73305596e+02]
 [-2.21121090e-01  8.04353544e-01 -5.51471522e-01  7.55853045e+02]
 [-2.59273179e-02  5.60420584e-01  8.27802237e-01 -2.52559677e+01]
 [ 0.00000000e+00  0.00000000e+00  0.00000000e+00  1.00000000e+00]]

[[ 9.77919105e-01  1.92967387e-01 -8.02359748e-02 -8.70174946e+02]
 [-2.04789665e-01  8.08317557e-01 -5.51981812e-01  7.43544631e+02]
 [-4.16583407e-02  5.56225058e-01  8.29986908e-01 -1.34684826e+01]
 [ 0.00000000e+00  0.00000000e+00  0.00000000e+00  1.00000000e+00]]

[[ 9.74618130e-01  1.92052867e-01 -1.15044326e-01 -8.76282310e+02]
 [-2.22958728e-01  7.86253933e-01 -5.76276113e-01  7.50165971e+02]
 [-2.02214254e-02  5.87299284e-01  8.09117201e-01 -3.50528474e+01]
 [ 0.00000000e+00  0.00000000e+00  0.00000000e+00  1.00000000e+00]]

[[ 9.76975061e-01  2.00782958e-01 -7.21521515e-02 -8.66031912e+02]
 [-2.07216971e-01  8.12443024e-01 -5.44974734e-01  7.48855702e+02]
 [-5.08021270e-02  5.47377874e-01  8.35342209e-01 -5.83974755e+00]
 [ 0.00000000e+00  0.00000000e+00  0.00000000e+00  1.00000000e+00]]

[[ 9.76744566e-01  1.98919448e-01 -8.00069163e-02 -8.66504314e+02]
 [-2.09195491e-01  8.02401597e-01 -5.58917635e-01  7.48244899e+02]
 [-4.69819100e-02  5.62656849e-01  8.25354451e-01 -1.30304821e+01]
 [ 0.00000000e+00  0.00000000e+00  0.00000000e+00  1.00000000e+00]]

[[ 9.75320080e-01  2.01744625e-01 -8.97209475e-02 -8.70622621e+02]
 [-2.17087206e-01  8.02034196e-01 -5.56429955e-01  7.49993883e+02]
 [-4.02974845e-02  5.62174577e-01  8.26036232e-01 -1.38785257e+01]
 [ 0.00000000e+00  0.00000000e+00  0.00000000e+00  1.00000000e+00]]

[[ 9.86047378e-01  1.58444676e-01 -5.10475588e-02 -8.61481448e+02]
 [-1.58168597e-01  7.96162221e-01 -5.84044872e-01  7.09519450e+02]
 [-5.18966624e-02  5.83970035e-01  8.10114643e-01 -1.64389307e+01]
 [ 0.00000000e+00  0.00000000e+00  0.00000000e+00  1.00000000e+00]]

[[ 9.77791191e-01  1.89666690e-01 -8.91680104e-02 -8.72083161e+02]
 [-2.06175921e-01  7.94114875e-01 -5.71728131e-01  7.40020489e+02]
 [-3.76281388e-02  5.77415026e-01  8.15583233e-01 -2.18537136e+01]
 [ 0.00000000e+00  0.00000000e+00  0.00000000e+00  1.00000000e+00]]

[[ 9.68412250e-01  2.03161132e-01 -1.44579629e-01 -8.78291197e+02]
 [-2.49352043e-01  7.86380009e-01 -5.65181423e-01  7.72542925e+02]
 [-1.12836802e-03  5.83379839e-01  8.12198677e-01 -4.64315255e+01]
 [ 0.00000000e+00  0.00000000e+00  0.00000000e+00  1.00000000e+00]]

[[ 9.76064832e-01  1.98353355e-01 -8.91817824e-02 -8.70774692e+02]
 [-2.14279642e-01  8.07037213e-01 -5.50250099e-01  7.50139893e+02]
 [-3.71709360e-02  5.56189611e-01  8.30223728e-01 -1.60507624e+01]
 [ 0.00000000e+00  0.00000000e+00  0.00000000e+00  1.00000000e+00]]

[[ 9.74497252e-01  1.84083790e-01 -1.28328731e-01 -8.79706410e+02]
 [-2.24349710e-01  7.87203716e-01 -5.74436695e-01  7.50984574e+02]
 [-4.72363015e-03  5.88577495e-01  8.08427003e-01 -4.50853570e+01]
 [ 0.00000000e+00  0.00000000e+00  0.00000000e+00  1.00000000e+00]]

[[ 9.79910593e-01  1.97902568e-01 -2.46942003e-02 -8.54632790e+02]
 [-1.83837519e-01  8.48306152e-01 -4.96568665e-01  7.44636169e+02]
 [-7.73239717e-02  4.91132615e-01  8.67646102e-01  2.35546497e+01]
 [ 0.00000000e+00  0.00000000e+00  0.00000000e+00  1.00000000e+00]]

[[ 9.78562529e-01  1.80639674e-01 -9.89175626e-02 -8.70716073e+02]
 [-2.05133847e-01  8.12185470e-01 -5.46145464e-01  7.63643486e+02]
 [-1.83161315e-02  5.54728827e-01  8.31829579e-01 -2.32770233e+01]
 [ 0.00000000e+00  0.00000000e+00  0.00000000e+00  1.00000000e+00]]

[[ 9.88982026e-01  1.47597529e-01 -1.13807851e-02 -8.55273242e+02]
 [-1.29148899e-01  8.22676459e-01 -5.53646102e-01  7.32576633e+02]
 [-7.23540924e-02  5.49015859e-01  8.32674289e-01  1.69835711e+01]
 [ 0.00000000e+00  0.00000000e+00  0.00000000e+00  1.00000000e+00]]

[[ 9.70935488e-01  2.24386614e-01 -8.32762050e-02 -8.81412920e+02]
 [-2.35088009e-01  8.28788850e-01 -5.07782108e-01  7.95793545e+02]
 [-4.49211179e-02  5.12600906e-01  8.57451109e-01 -4.28814278e-01]
 [ 0.00000000e+00  0.00000000e+00  0.00000000e+00  1.00000000e+00]]

[[ 9.85539083e-01  1.64217608e-01 -4.17767124e-02 -8.76757526e+02]
 [-1.59292192e-01  8.13799003e-01 -5.58889238e-01  7.31643380e+02]
 [-5.77816072e-02  5.57461891e-01  8.28189305e-01 -2.25567986e+00]
 [ 0.00000000e+00  0.00000000e+00  0.00000000e+00  1.00000000e+00]]

[[ 9.85601538e-01  1.65250256e-01 -3.58044865e-02 -8.77760088e+02]
 [-1.59098191e-01  8.34664062e-01 -5.27279499e-01  7.36829595e+02]
 [-5.72483541e-02  5.25383914e-01  8.48937200e-01  4.54538571e+00]
 [ 0.00000000e+00  0.00000000e+00  0.00000000e+00  1.00000000e+00]]

[[ 9.79266930e-01  1.94120838e-01 -5.79083720e-02 -8.73252456e+02]
 [-1.95155512e-01  8.27383798e-01 -5.26640653e-01  7.65608334e+02]
 [-5.43194763e-02  5.27022913e-01  8.48113343e-01  5.49730230e-01]
 [ 0.00000000e+00  0.00000000e+00  0.00000000e+00  1.00000000e+00]]

[[ 9.76050100e-01  1.82054062e-01 -1.19090386e-01 -8.89275051e+02]
 [-2.17430362e-01  7.98541551e-01 -5.61297986e-01  7.69545698e+02]
 [-7.08795679e-03  5.73748821e-01  8.19000642e-01 -3.65321927e+01]
 [ 0.00000000e+00  0.00000000e+00  0.00000000e+00  1.00000000e+00]]

[[ 9.91350789e-01  1.29501295e-01 -2.12844303e-02 -8.74289225e+02]
 [-1.18720296e-01  8.15789290e-01 -5.66032973e-01  6.99398893e+02]
 [-5.59383927e-02  5.63664128e-01  8.24107788e-01 -3.99232848e+00]
 [ 0.00000000e+00  0.00000000e+00  0.00000000e+00  1.00000000e+00]]

[[ 9.80854879e-01  1.78035702e-01 -7.89113114e-02 -8.83790206e+02]
 [-1.92503866e-01  8.25189886e-01 -5.31040406e-01  7.59764435e+02]
 [-2.94273357e-02  5.36064306e-01  8.43664087e-01 -1.45162395e+01]
 [ 0.00000000e+00  0.00000000e+00  0.00000000e+00  1.00000000e+00]]

[[ 9.80487622e-01  1.81005083e-01 -7.66888754e-02 -8.82651867e+02]
 [-1.93709284e-01  8.23176953e-01 -5.33719419e-01  7.60404314e+02]
 [-3.34774130e-02  5.38160631e-01  8.42177178e-01 -1.20257260e+01]
 [ 0.00000000e+00  0.00000000e+00  0.00000000e+00  1.00000000e+00]]

[[ 9.91451562e-01  1.30204795e-01 -8.39713422e-03 -8.74744736e+02]
 [-1.13069056e-01  8.25288839e-01 -5.53275448e-01  6.99861745e+02]
 [-6.51090553e-02  5.49495263e-01  8.32956041e-01  4.78277417e+00]
 [ 0.00000000e+00  0.00000000e+00  0.00000000e+00  1.00000000e+00]]

[[ 9.80014445e-01  1.77499445e-01 -8.98088794e-02 -8.86511597e+02]
 [-1.97686819e-01  8.18685210e-01 -5.39142327e-01  7.64333428e+02]
 [-2.21722625e-02  5.46121300e-01  8.37412632e-01 -2.38012308e+01]
 [ 0.00000000e+00  0.00000000e+00  0.00000000e+00  1.00000000e+00]]

[[ 9.87322515e-01  1.46102443e-01 -6.20348910e-02 -8.80135775e+02]
 [-1.55355829e-01  8.09372360e-01 -5.66375273e-01  7.28663571e+02]
 [-3.25394851e-02  5.68832541e-01  8.21809420e-01 -2.06991763e+01]
 [ 0.00000000e+00  0.00000000e+00  0.00000000e+00  1.00000000e+00]]

[[ 9.91821254e-01  1.26218694e-01 -1.89589471e-02 -8.74720343e+02]
 [-1.15277787e-01  8.22099998e-01 -5.57550559e-01  7.00517631e+02]
 [-5.47871530e-02  5.55176040e-01  8.29926462e-01  1.56791494e+00]
 [ 0.00000000e+00  0.00000000e+00  0.00000000e+00  1.00000000e+00]]

[[ 9.73945179e-01  2.19696337e-01 -5.62521783e-02 -8.73519667e+02]
 [-2.19164025e-01  8.48051804e-01 -4.82467893e-01  7.97921070e+02]
 [-5.82916678e-02  4.82225732e-01  8.74105500e-01  2.27257701e+01]
 [ 0.00000000e+00  0.00000000e+00  0.00000000e+00  1.00000000e+00]]

[[ 9.79569491e-01  1.86143734e-01 -7.61191388e-02 -8.84961811e+02]
 [-1.97807320e-01  8.23544284e-01 -5.31645631e-01  7.58429510e+02]
 [-3.62750210e-02  5.35840763e-01  8.43539448e-01 -8.19071016e+00]
 [ 0.00000000e+00  0.00000000e+00  0.00000000e+00  1.00000000e+00]]

[[ 9.88487203e-01  1.50957823e-01 -1.02364482e-02 -8.68195906e+02]
 [-1.34212004e-01  8.43574715e-01 -5.19970035e-01  7.10749291e+02]
 [-6.98583356e-02  5.15357580e-01  8.54123163e-01  8.46419999e+00]
 [ 0.00000000e+00  0.00000000e+00  0.00000000e+00  1.00000000e+00]]

[[ 9.81521031e-01  1.68931074e-01 -8.98819098e-02 -8.78007108e+02]
 [-1.90426600e-01  8.16107834e-01 -5.45624150e-01  7.51616261e+02]
 [-1.88195426e-02  5.52657485e-01  8.33195973e-01 -2.49561344e+01]
 [ 0.00000000e+00  0.00000000e+00  0.00000000e+00  1.00000000e+00]]

[[ 9.86994829e-01  1.57532348e-01 -3.20119850e-02 -8.59670880e+02]
 [-1.51765115e-01  8.47502437e-01 -5.08632450e-01  7.48868343e+02]
 [-5.29958289e-02  5.06875900e-01  8.60388438e-01  1.23879205e+01]
 [ 0.00000000e+00  0.00000000e+00  0.00000000e+00  1.00000000e+00]]

[[ 9.89414530e-01  1.44667399e-01 -1.14119294e-02 -8.71690762e+02]
 [-1.28058476e-01  8.33413522e-01 -5.37608526e-01  7.35914185e+02]
 [-6.82635709e-02  5.33379081e-01  8.43117335e-01  1.40273872e+01]
 [ 0.00000000e+00  0.00000000e+00  0.00000000e+00  1.00000000e+00]]

[[ 9.91741940e-01  1.28180444e-01 -4.20681537e-03 -8.91295365e+02]
 [-1.08021981e-01  8.17193615e-01 -5.66150021e-01  7.17940883e+02]
 [-6.91315786e-02  5.61929149e-01  8.24291487e-01  7.78910234e+00]
 [ 0.00000000e+00  0.00000000e+00  0.00000000e+00  1.00000000e+00]]

[[ 9.87783210e-01  1.55591635e-01 -8.69332592e-03 -9.07947437e+02]
 [-1.36867060e-01  8.39531846e-01 -5.25788634e-01  7.56705697e+02]
 [-7.45099892e-02  5.20555015e-01  8.50570831e-01  1.80335155e+01]
 [ 0.00000000e+00  0.00000000e+00  0.00000000e+00  1.00000000e+00]]

[[ 9.89127229e-01  1.46917634e-01  6.52174711e-03 -9.05397186e+02]
 [-1.19488832e-01  8.28732121e-01 -5.46740789e-01  7.47669319e+02]
 [-8.57306442e-02  5.40016926e-01  8.37276523e-01  1.56750791e+01]
 [ 0.00000000e+00  0.00000000e+00  0.00000000e+00  1.00000000e+00]]

[[ 9.89470910e-01  1.40735872e-01  3.37747432e-02 -8.97651031e+02]
 [-1.00592624e-01  8.36504354e-01 -5.38647927e-01  7.36175052e+02]
 [-1.04059806e-01  5.29578964e-01  8.41853715e-01  2.64095119e+01]
 [ 0.00000000e+00  0.00000000e+00  0.00000000e+00  1.00000000e+00]]

[[ 9.92109280e-01  9.99277380e-02  7.57206956e-02 -9.05755625e+02]
 [-4.00229584e-02  8.24770096e-01 -5.64050044e-01  6.93200383e+02]
 [-1.18816410e-01  5.56568716e-01  8.22261470e-01  3.29046677e+01]
 [ 0.00000000e+00  0.00000000e+00  0.00000000e+00  1.00000000e+00]]

[[ 9.89802463e-01  1.31015447e-01  5.59109714e-02 -9.26605812e+02]
 [-8.41000168e-02  8.54275036e-01 -5.12973051e-01  7.33620189e+02]
 [-1.14970740e-01  5.03039875e-01  8.56581936e-01  3.78676744e+01]
 [ 0.00000000e+00  0.00000000e+00  0.00000000e+00  1.00000000e+00]]

[[ 9.88152319e-01  9.47759452e-02  1.20716670e-01 -9.12620319e+02]
 [-2.30880349e-02  8.69394542e-01 -4.93578842e-01  7.01893215e+02]
 [-1.51729815e-01  4.84943967e-01  8.61282423e-01  6.71588358e+01]
 [ 0.00000000e+00  0.00000000e+00  0.00000000e+00  1.00000000e+00]]

[[ 9.90642551e-01  1.23705650e-01  5.76563032e-02 -9.36802872e+02]
 [-7.27259128e-02  8.35934407e-01 -5.43989530e-01  7.32357806e+02]
 [-1.15491466e-01  5.34706068e-01  8.37108799e-01  3.93171393e+01]
 [ 0.00000000e+00  0.00000000e+00  0.00000000e+00  1.00000000e+00]]

[[ 9.89833291e-01  1.28780423e-01  6.03792894e-02 -9.24924156e+02]
 [-7.83639496e-02  8.48046415e-01 -5.24095763e-01  7.38070996e+02]
 [-1.18697714e-01  5.14035875e-01  8.49516317e-01  4.09434004e+01]
 [ 0.00000000e+00  0.00000000e+00  0.00000000e+00  1.00000000e+00]]

[[ 9.93902603e-01  8.46852383e-02  7.06118044e-02 -9.16593023e+02]
 [-3.23838178e-02  8.36357056e-01 -5.47227707e-01  6.98936233e+02]
 [-1.05398790e-01  5.41604363e-01  8.33999886e-01  2.32667037e+01]
 [ 0.00000000e+00  0.00000000e+00  0.00000000e+00  1.00000000e+00]]

[[ 9.94316508e-01  6.84834214e-02  8.15150461e-02 -9.08101803e+02]
 [-1.36119052e-02  8.41146091e-01 -5.40636634e-01  6.87005899e+02]
 [-1.05590709e-01  5.36454355e-01  8.37297633e-01  3.43321407e+01]
 [ 0.00000000e+00  0.00000000e+00  0.00000000e+00  1.00000000e+00]]

[[ 9.90663664e-01  1.30649075e-01  3.89400172e-02 -9.25614875e+02]
 [-8.95865569e-02  8.39182258e-01 -5.36420904e-01  7.56550309e+02]
 [-1.02760666e-01  5.27924196e-01  8.43051771e-01  3.51169206e+01]
 [ 0.00000000e+00  0.00000000e+00  0.00000000e+00  1.00000000e+00]]

[[ 9.96653015e-01  3.32184598e-02  7.46947191e-02 -9.20925543e+02]
 [ 1.62564433e-02  8.14931738e-01 -5.79328913e-01  6.68463164e+02]
 [-8.01155115e-02  5.78604179e-01  8.11664160e-01  1.16599795e+01]
 [ 0.00000000e+00  0.00000000e+00  0.00000000e+00  1.00000000e+00]]

[[ 9.96209690e-01  6.68888841e-02  5.56069296e-02 -9.22758564e+02]
 [-1.97312544e-02  7.96383391e-01 -6.04470158e-01  7.07434651e+02]
 [-8.47167695e-02  6.01081834e-01  7.94684653e-01  1.43905211e+01]
 [ 0.00000000e+00  0.00000000e+00  0.00000000e+00  1.00000000e+00]]

[[ 9.94231317e-01  8.60478845e-02  6.40300625e-02 -9.21034528e+02]
 [-3.48305080e-02  8.23644641e-01 -5.66035636e-01  7.28829543e+02]
 [-1.01444187e-01  5.60540156e-01  8.21890388e-01  4.64940270e+01]
 [ 0.00000000e+00  0.00000000e+00  0.00000000e+00  1.00000000e+00]]

[[ 9.94713588e-01  5.83370630e-02  8.45083665e-02 -9.14853183e+02]
 [ 6.15659792e-04  8.19557643e-01 -5.72996415e-01  7.17734554e+02]
 [-1.02686406e-01  5.70019348e-01  8.15189208e-01  6.44487194e+01]
 [ 0.00000000e+00  0.00000000e+00  0.00000000e+00  1.00000000e+00]]

[[ 9.96627498e-01  1.04561824e-02  8.13897955e-02 -9.07540384e+02]
 [ 4.16974138e-02  7.89722384e-01 -6.12045653e-01  6.87731492e+02]
 [-7.06750043e-02  6.13375272e-01  7.86623048e-01  4.63146495e+01]
 [ 0.00000000e+00  0.00000000e+00  0.00000000e+00  1.00000000e+00]]

[[ 9.92984640e-01  4.80314139e-04  1.18242437e-01 -8.92485990e+02]
 [ 7.01429206e-02  8.02649948e-01 -5.92311600e-01  6.72794722e+02]
 [-9.51917812e-02  5.96450191e-01  7.96985379e-01  7.39491637e+01]
 [ 0.00000000e+00  0.00000000e+00  0.00000000e+00  1.00000000e+00]]

[[ 9.97981170e-01  5.90224267e-02  2.34507545e-02 -9.18493722e+02]
 [-3.44874756e-02  8.13687628e-01 -5.80278432e-01  7.51894982e+02]
 [-5.33310300e-02  5.78298191e-01  8.14080465e-01  5.07169692e+01]
 [ 0.00000000e+00  0.00000000e+00  0.00000000e+00  1.00000000e+00]]

[[ 9.94471669e-01  5.86850935e-02  8.70755941e-02 -9.15588388e+02]
 [ 2.09077552e-03  8.18019252e-01 -5.75187041e-01  7.24923083e+02]
 [-1.04984418e-01  5.72189273e-01  8.13374273e-01  8.36774820e+01]
 [ 0.00000000e+00  0.00000000e+00  0.00000000e+00  1.00000000e+00]]

[[ 9.90550839e-01  5.45578651e-02  1.25827159e-01 -9.15095364e+02]
 [ 3.38559886e-02  7.91798234e-01 -6.09843692e-01  6.98261680e+02]
 [-1.32901492e-01  6.08341184e-01  7.82469295e-01  8.75491038e+01]
 [ 0.00000000e+00  0.00000000e+00  0.00000000e+00  1.00000000e+00]]

[[ 9.88054343e-01  4.26497528e-02  1.48086510e-01 -9.20762678e+02]
 [ 5.10601919e-02  8.16057972e-01 -5.75710207e-01  6.95335065e+02]
 [-1.45401075e-01  5.76394296e-01  8.04131919e-01  1.01934119e+02]
 [ 0.00000000e+00  0.00000000e+00  0.00000000e+00  1.00000000e+00]]

[[ 9.89996904e-01  3.67144478e-02  1.36228406e-01 -9.32326166e+02]
 [ 5.65097114e-02  7.81535987e-01 -6.21295545e-01  6.97390522e+02]
 [-1.29277924e-01  6.22778894e-01  7.71643485e-01  9.98186007e+01]
 [ 0.00000000e+00  0.00000000e+00  0.00000000e+00  1.00000000e+00]]

[[ 9.96164029e-01  3.88644218e-02  7.84014302e-02 -9.47875855e+02]
 [ 1.99478616e-02  7.71511358e-01 -6.35902750e-01  7.20709417e+02]
 [-8.52015866e-02  6.35027386e-01  7.67776600e-01  5.27378078e+01]
 [ 0.00000000e+00  0.00000000e+00  0.00000000e+00  1.00000000e+00]]

[[ 9.93186320e-01  8.30371612e-02  8.17665186e-02 -9.39499079e+02]
 [-1.87106469e-02  8.06153719e-01 -5.91410257e-01  7.51429447e+02]
 [-1.15025412e-01  5.85850673e-01  8.02214525e-01  7.53743732e+01]
 [ 0.00000000e+00  0.00000000e+00  0.00000000e+00  1.00000000e+00]]

[[ 9.93801155e-01  1.57536756e-02  1.10050377e-01 -9.32069485e+02]
 [ 5.53986857e-02  7.88071700e-01 -6.13085623e-01  6.80428552e+02]
 [-9.63859395e-02  6.15381847e-01  7.82313833e-01  5.26898518e+01]
 [ 0.00000000e+00  0.00000000e+00  0.00000000e+00  1.00000000e+00]]

[[ 9.92049551e-01  2.92131686e-02  1.22410292e-01 -9.20242608e+02]
 [ 4.75692594e-02  8.13475179e-01 -5.79651015e-01  6.80994387e+02]
 [-1.16511177e-01  5.80865496e-01  8.05618037e-01  6.62960809e+01]
 [ 0.00000000e+00  0.00000000e+00  0.00000000e+00  1.00000000e+00]]

[[ 9.88199250e-01  5.07560538e-02  1.44520122e-01 -8.96906479e+02]
 [ 3.83648199e-02  8.31414329e-01 -5.54326938e-01  6.87579804e+02]
 [-1.48291548e-01  5.53329953e-01  8.19655769e-01  8.02309217e+01]
 [ 0.00000000e+00  0.00000000e+00  0.00000000e+00  1.00000000e+00]]

[[ 9.93057488e-01  1.05874806e-01  5.12576877e-02 -9.12474108e+02]
 [-6.01204982e-02  8.31368225e-01 -5.52460315e-01  7.41193615e+02]
 [-1.01105641e-01  5.45543215e-01  8.31961688e-01  4.06171379e+01]
 [ 0.00000000e+00  0.00000000e+00  0.00000000e+00  1.00000000e+00]]

[[ 9.87397375e-01  1.56868039e-01  2.09485491e-02 -9.07734396e+02]
 [-1.23807745e-01  8.48098330e-01 -5.15170714e-01  7.96685257e+02]
 [-9.85802490e-02  5.06084618e-01  8.56831544e-01  3.04403404e+01]
 [ 0.00000000e+00  0.00000000e+00  0.00000000e+00  1.00000000e+00]]

[[ 9.85861681e-01  3.24546165e-02  1.64388092e-01 -9.18867687e+02]
 [ 6.88551814e-02  8.15938583e-01 -5.74023687e-01  6.67887661e+02]
 [-1.52760305e-01  5.77226928e-01  8.02167914e-01  6.86102546e+01]
 [ 0.00000000e+00  0.00000000e+00  0.00000000e+00  1.00000000e+00]]

[[ 9.84776778e-01  2.60081586e-02  1.71867023e-01 -9.43092584e+02]
 [ 8.43546748e-02  7.93006165e-01 -6.03345267e-01  6.63720797e+02]
 [-1.51983508e-01  6.08658195e-01  7.78740146e-01  8.25422730e+01]
 [ 0.00000000e+00  0.00000000e+00  0.00000000e+00  1.00000000e+00]]

[[ 9.84676728e-01  3.89170803e-02  1.69991773e-01 -9.46989137e+02]
 [ 6.34854512e-02  8.27898017e-01 -5.57274144e-01  7.00751676e+02]
 [-1.62423335e-01  5.59526885e-01  8.12741241e-01  9.84012852e+01]
 [ 0.00000000e+00  0.00000000e+00  0.00000000e+00  1.00000000e+00]]

[[ 9.86435477e-01  6.23088903e-02  1.51863926e-01 -9.54359526e+02]
 [ 3.68961991e-02  8.17319850e-01 -5.75001681e-01  7.09155783e+02]
 [-1.59949118e-01  5.72805260e-01  8.03934335e-01  6.45708038e+01]
 [ 0.00000000e+00  0.00000000e+00  0.00000000e+00  1.00000000e+00]]

[[ 9.84602338e-01  7.26240668e-02  1.59009372e-01 -9.43910353e+02]
 [ 1.84382949e-02  8.61397645e-01 -5.07596422e-01  7.19965483e+02]
 [-1.73834015e-01  5.02712485e-01  8.46795071e-01  3.71926032e+01]
 [ 0.00000000e+00  0.00000000e+00  0.00000000e+00  1.00000000e+00]]

[[ 9.84759154e-01  4.58009718e-02  1.67784623e-01 -9.27716465e+02]
 [ 4.30091142e-02  8.70613499e-01 -4.90084025e-01  7.15688189e+02]
 [-1.68521882e-01  4.89830998e-01  8.55374754e-01  1.73443473e+01]
 [ 0.00000000e+00  0.00000000e+00  0.00000000e+00  1.00000000e+00]]

[[ 9.88213028e-01  3.79958521e-02  1.48294728e-01 -9.26905894e+02]
 [ 4.05312862e-02  8.69198701e-01 -4.92798977e-01  7.27909992e+02]
 [-1.47621902e-01  4.93000946e-01  8.57413460e-01  9.89644587e-01]
 [ 0.00000000e+00  0.00000000e+00  0.00000000e+00  1.00000000e+00]]

[[ 9.78980395e-01  1.89891675e-02  2.03068458e-01 -9.12567237e+02]
 [ 6.89742612e-02  9.06167118e-01 -4.17257360e-01  7.21783120e+02]
 [-1.91937329e-01  4.22493272e-01  8.85810079e-01  1.85665767e+01]
 [ 0.00000000e+00  0.00000000e+00  0.00000000e+00  1.00000000e+00]]

[[ 9.87727990e-01  3.53846739e-02  1.52122786e-01 -9.25765678e+02]
 [ 3.66302912e-02  8.94347939e-01 -4.45869920e-01  7.24715115e+02]
 [-1.51827662e-01  4.45970502e-01  8.82076342e-01 -3.33639082e+01]
 [ 0.00000000e+00  0.00000000e+00  0.00000000e+00  1.00000000e+00]]

[[ 9.92122422e-01  8.25004430e-02  9.42697006e-02 -9.33545687e+02]
 [-3.65040381e-02  9.10255803e-01 -4.12434028e-01  7.58501349e+02]
 [-1.19835532e-01  4.05743822e-01  9.06096792e-01 -5.23321715e+01]
 [ 0.00000000e+00  0.00000000e+00  0.00000000e+00  1.00000000e+00]]

[[ 9.91407614e-01  5.26168605e-02  1.19759795e-01 -9.13482387e+02]
 [-3.29092001e-03  9.25276139e-01 -3.79279893e-01  7.34760011e+02]
 [-1.30767398e-01  3.75626854e-01  9.17498967e-01 -3.98109898e+01]
 [ 0.00000000e+00  0.00000000e+00  0.00000000e+00  1.00000000e+00]]

[[ 9.92077358e-01  1.20497686e-01  3.55362345e-02 -9.15558498e+02]
 [-9.86862210e-02  9.22530023e-01 -3.73094341e-01  7.98725490e+02]
 [-7.77402481e-02  3.66631511e-01  9.27112608e-01 -6.98142746e+01]
 [ 0.00000000e+00  0.00000000e+00  0.00000000e+00  1.00000000e+00]]

[[ 9.93128313e-01  1.13091961e-01  3.01058523e-02 -9.09857603e+02]
 [-9.34750354e-02  9.21324353e-01 -3.77390851e-01  7.89244711e+02]
 [-7.04171262e-02  3.71983394e-01  9.25564575e-01 -7.95313146e+01]
 [ 0.00000000e+00  0.00000000e+00  0.00000000e+00  1.00000000e+00]]

[[ 9.98555631e-01  5.36602272e-02  2.68917155e-03 -9.08960329e+02]
 [-4.71081893e-02  8.98501547e-01 -4.36435321e-01  7.40687424e+02]
 [-2.58354433e-02  4.35678265e-01  8.99731615e-01 -1.17463708e+02]
 [ 0.00000000e+00  0.00000000e+00  0.00000000e+00  1.00000000e+00]]

[[ 9.91904662e-01  1.24436802e-01  2.53105657e-02 -8.93528259e+02]
 [-1.07382592e-01  9.28346682e-01 -3.55867133e-01  7.86359903e+02]
 [-6.77799478e-02  3.50268354e-01  9.34193748e-01 -7.42832870e+01]
 [ 0.00000000e+00  0.00000000e+00  0.00000000e+00  1.00000000e+00]]

[[ 9.90345017e-01  1.37984760e-01 -1.33023563e-02 -8.99352244e+02]
 [-1.31936345e-01  9.08768183e-01 -3.95895428e-01  8.05193244e+02]
 [-4.25387774e-02  3.93828128e-01  9.18199247e-01 -1.10287264e+02]
 [ 0.00000000e+00  0.00000000e+00  0.00000000e+00  1.00000000e+00]]

[[ 9.91263465e-01  1.31528589e-01  9.84754792e-03 -9.03009205e+02]
 [-1.16549009e-01  9.08427851e-01 -4.01466272e-01  7.99586030e+02]
 [-6.17500790e-02  3.96811126e-01  9.15820866e-01 -1.08082720e+02]
 [ 0.00000000e+00  0.00000000e+00  0.00000000e+00  1.00000000e+00]]

[[ 9.94756511e-01  9.93948265e-02  2.40863427e-02 -9.22969230e+02]
 [-8.23933070e-02  9.18387097e-01 -3.87009667e-01  7.74046714e+02]
 [-6.05873451e-02  3.82995833e-01  9.21761013e-01 -1.30601586e+02]
 [ 0.00000000e+00  0.00000000e+00  0.00000000e+00  1.00000000e+00]]

[[ 9.89281584e-01  6.06448447e-02  1.32831288e-01 -9.17636386e+02]
 [-1.35922365e-02  9.43972084e-01 -3.29745288e-01  7.34165299e+02]
 [-1.45386379e-01  3.24405467e-01  9.34678498e-01 -8.47390160e+01]
 [ 0.00000000e+00  0.00000000e+00  0.00000000e+00  1.00000000e+00]]

[[ 9.83988552e-01  3.02538644e-02  1.75645189e-01 -9.32610636e+02]
 [ 3.05686767e-02  9.42238431e-01 -3.33545041e-01  6.97412883e+02]
 [-1.75590674e-01  3.33573743e-01  9.26227010e-01 -7.68904747e+01]
 [ 0.00000000e+00  0.00000000e+00  0.00000000e+00  1.00000000e+00]]

[[ 9.80404269e-01 -6.11395540e-03  1.96901217e-01 -9.59967742e+02]
 [ 9.19439603e-02  8.98175450e-01 -4.29915304e-01  6.60968222e+02]
 [-1.74223356e-01  4.39594677e-01  8.81137187e-01 -5.34079545e+01]
 [ 0.00000000e+00  0.00000000e+00  0.00000000e+00  1.00000000e+00]]

[[ 9.82415634e-01  7.86655953e-02  1.69325856e-01 -9.77107218e+02]
 [ 5.53890047e-03  8.94227905e-01 -4.47577674e-01  7.31444126e+02]
 [-1.86624870e-01  4.40645183e-01  8.78067754e-01  5.28327095e+00]
 [ 0.00000000e+00  0.00000000e+00  0.00000000e+00  1.00000000e+00]]

[[ 9.80492879e-01  4.25091022e-02  1.91902815e-01 -9.67760914e+02]
 [ 6.29802313e-02  8.56910335e-01 -5.11603527e-01  6.98921572e+02]
 [-1.86191312e-01  5.13709699e-01  8.37517248e-01  1.75190059e+01]
 [ 0.00000000e+00  0.00000000e+00  0.00000000e+00  1.00000000e+00]]

[[ 9.64580192e-01 -1.13008301e-02  2.63547613e-01 -9.42371569e+02]
 [ 1.46522710e-01  8.53737725e-01 -4.99662878e-01  6.54948179e+02]
 [-2.19353934e-01  5.20580625e-01  8.25154327e-01  6.05127936e+01]
 [ 0.00000000e+00  0.00000000e+00  0.00000000e+00  1.00000000e+00]]

[[ 9.86655081e-01  4.37994023e-02  1.56822713e-01 -9.78887029e+02]
 [ 4.99531544e-02  8.35269830e-01 -5.47566428e-01  7.11923248e+02]
 [-1.54972363e-01  5.48092988e-01  8.21935304e-01  2.45183727e+01]
 [ 0.00000000e+00  0.00000000e+00  0.00000000e+00  1.00000000e+00]]

[[ 9.84855649e-01  4.14392346e-02  1.68351240e-01 -9.69353131e+02]
 [ 6.37685779e-02  8.16372373e-01 -5.73994527e-01  7.06707356e+02]
 [-1.61223195e-01  5.76037271e-01  8.01366423e-01  3.79413949e+01]
 [ 0.00000000e+00  0.00000000e+00  0.00000000e+00  1.00000000e+00]]

[[ 9.85396170e-01  7.63274114e-02  1.52212068e-01 -9.68473964e+02]
 [ 1.74412867e-02  8.43961434e-01 -5.36120229e-01  7.56092993e+02]
 [-1.69381784e-01  5.30945595e-01  8.30305116e-01  7.20060843e+01]
 [ 0.00000000e+00  0.00000000e+00  0.00000000e+00  1.00000000e+00]]

[[ 9.83722051e-01  8.29044825e-02  1.59429524e-01 -9.72876621e+02]
 [ 2.18909956e-02  8.25317659e-01 -5.64244226e-01  7.54723817e+02]
 [-1.78358377e-01  5.58549558e-01  8.10068318e-01  7.05036379e+01]
 [ 0.00000000e+00  0.00000000e+00  0.00000000e+00  1.00000000e+00]]

[[ 9.74838234e-01 -5.27973938e-04  2.22912851e-01 -9.54328473e+02]
 [ 1.29688028e-01  8.14682636e-01 -5.65219619e-01  6.83077627e+02]
 [-1.81304808e-01  5.79906823e-01  7.94252254e-01  6.95243719e+01]
 [ 0.00000000e+00  0.00000000e+00  0.00000000e+00  1.00000000e+00]]

[[ 9.69766642e-01 -2.17489710e-02  2.43063041e-01 -9.43065186e+02]
 [ 1.64223478e-01  7.94903976e-01 -5.84087594e-01  6.59045853e+02]
 [-1.80508474e-01  6.06345323e-01  7.74443052e-01  7.02545020e+01]
 [ 0.00000000e+00  0.00000000e+00  0.00000000e+00  1.00000000e+00]]

[[ 9.88075009e-01  3.34306916e-02  1.50300253e-01 -9.75445356e+02]
 [ 6.10004031e-02  8.11279964e-01 -5.81466912e-01  7.39018841e+02]
 [-1.41374425e-01  5.83701300e-01  7.99566172e-01  5.47223470e+01]
 [ 0.00000000e+00  0.00000000e+00  0.00000000e+00  1.00000000e+00]]

[[ 9.85373240e-01  6.12164603e-02  1.59034973e-01 -9.73430909e+02]
 [ 3.56646113e-02  8.38498819e-01 -5.43735015e-01  7.64127160e+02]
 [-1.66636170e-01  5.41453854e-01  8.24051037e-01  6.30574183e+01]
 [ 0.00000000e+00  0.00000000e+00  0.00000000e+00  1.00000000e+00]]

[[ 9.79113616e-01 -2.37011976e-03  2.03300048e-01 -9.62502830e+02]
 [ 1.11679479e-01  8.41840753e-01 -5.28045301e-01  6.99434097e+02]
 [-1.69894735e-01  5.39720788e-01  8.24522438e-01  5.93341037e+01]
 [ 0.00000000e+00  0.00000000e+00  0.00000000e+00  1.00000000e+00]]

[[ 9.84528130e-01  7.68348062e-02  1.57482616e-01 -9.63814375e+02]
 [ 2.44373716e-02  8.29747896e-01 -5.57603124e-01  7.45690435e+02]
 [-1.73514197e-01  5.52824422e-01  8.15032504e-01  6.24352239e+01]
 [ 0.00000000e+00  0.00000000e+00  0.00000000e+00  1.00000000e+00]]

[[ 9.86288467e-01  9.54694152e-03  1.64754107e-01 -9.67236842e+02]
 [ 8.90295459e-02  8.09812201e-01 -5.79894765e-01  7.10524412e+02]
 [-1.38956107e-01  5.86611503e-01  7.97858475e-01  3.28767895e+01]
 [ 0.00000000e+00  0.00000000e+00  0.00000000e+00  1.00000000e+00]]

[[ 9.90978340e-01  6.90877600e-02  1.14842546e-01 -9.82174079e+02]
 [ 5.25586892e-03  8.36199794e-01 -5.48399745e-01  7.83923581e+02]
 [-1.33919023e-01  5.44055867e-01  8.28292768e-01  3.33192893e+01]
 [ 0.00000000e+00  0.00000000e+00  0.00000000e+00  1.00000000e+00]]

[[ 9.75988692e-01 -3.25553624e-02  2.15374609e-01 -9.55859089e+02]
 [ 1.50389407e-01  8.15990454e-01 -5.58160017e-01  6.78159101e+02]
 [-1.57572523e-01  5.77147925e-01  8.01293437e-01  4.77287989e+01]
 [ 0.00000000e+00  0.00000000e+00  0.00000000e+00  1.00000000e+00]]

[[ 9.85170680e-01  5.60106809e-02  1.62177478e-01 -9.73722769e+02]
 [ 4.38167786e-02  8.31743748e-01 -5.53427889e-01  7.42074234e+02]
 [-1.65887976e-01  5.52327024e-01  8.16955346e-01  5.34983343e+01]
 [ 0.00000000e+00  0.00000000e+00  0.00000000e+00  1.00000000e+00]]

[[ 9.79360151e-01  7.86442056e-02  1.86195553e-01 -9.54118326e+02]
 [ 3.19879511e-02  8.49283438e-01 -5.26967184e-01  7.56007507e+02]
 [-1.99575715e-01  5.22046675e-01  8.29238689e-01  7.95922459e+01]
 [ 0.00000000e+00  0.00000000e+00  0.00000000e+00  1.00000000e+00]]

[[ 9.79126717e-01  7.93321152e-02  1.87129069e-01 -9.50054609e+02]
 [ 3.18500115e-02  8.49419379e-01 -5.26756392e-01  7.55477378e+02]
 [-2.00739756e-01  5.21721319e-01  8.29162478e-01  9.46583152e+01]
 [ 0.00000000e+00  0.00000000e+00  0.00000000e+00  1.00000000e+00]]

[[ 9.83373151e-01  7.85916541e-02  1.63708882e-01 -9.64745474e+02]
 [ 2.23925921e-02  8.42139660e-01 -5.38794362e-01  7.70614884e+02]
 [-1.80210483e-01  5.33501775e-01  8.26377660e-01  8.15415617e+01]
 [ 0.00000000e+00  0.00000000e+00  0.00000000e+00  1.00000000e+00]]

[[ 9.82666699e-01  6.45159638e-02  1.73792546e-01 -9.63759163e+02]
 [ 4.16082768e-02  8.36811284e-01 -5.45908075e-01  7.53615041e+02]
 [-1.80651349e-01  5.43676895e-01  8.19622184e-01  7.92512016e+01]
 [ 0.00000000e+00  0.00000000e+00  0.00000000e+00  1.00000000e+00]]

[[ 9.74509850e-01  1.33738652e-02  2.23945733e-01 -9.48340775e+02]
 [ 1.11729270e-01  8.36688497e-01 -5.36161290e-01  7.04918467e+02]
 [-1.94543367e-01  5.47515752e-01  8.13866930e-01  8.63710918e+01]
 [ 0.00000000e+00  0.00000000e+00  0.00000000e+00  1.00000000e+00]]

[[ 9.85375130e-01  2.98490987e-02  1.67764374e-01 -9.64658968e+02]
 [ 7.11115095e-02  8.22672701e-01 -5.64050335e-01  7.31665162e+02]
 [-1.54851565e-01  5.67731150e-01  8.08518605e-01  5.66944008e+01]
 [ 0.00000000e+00  0.00000000e+00  0.00000000e+00  1.00000000e+00]]

[[ 9.89310056e-01  7.55774680e-02  1.24714310e-01 -9.79119279e+02]
 [ 1.16782910e-02  8.11411517e-01 -5.84358594e-01  7.58754968e+02]
 [-1.45358970e-01  5.79568284e-01  8.01854958e-01  4.99051283e+01]
 [ 0.00000000e+00  0.00000000e+00  0.00000000e+00  1.00000000e+00]]

[[ 9.87005298e-01  1.27342833e-02  1.60182334e-01 -9.61985276e+02]
 [ 8.45503535e-02  8.06542843e-01 -5.85098179e-01  7.05130628e+02]
 [-1.36644721e-01  5.91038476e-01  7.94985371e-01  3.85275666e+01]
 [ 0.00000000e+00  0.00000000e+00  0.00000000e+00  1.00000000e+00]]

[[ 9.84940601e-01  1.58377120e-02  1.72166139e-01 -9.62765942e+02]
 [ 8.46662633e-02  8.24040171e-01 -5.60169101e-01  7.05899007e+02]
 [-1.50743611e-01  5.66309954e-01  8.10289701e-01  4.70227136e+01]
 [ 0.00000000e+00  0.00000000e+00  0.00000000e+00  1.00000000e+00]]

[[ 9.84291304e-01  9.83559646e-03  1.76277877e-01 -9.55032054e+02]
 [ 8.96164752e-02  8.32425892e-01 -5.46841861e-01  7.01282939e+02]
 [-1.52116785e-01  5.54049090e-01  8.18468136e-01  4.35229510e+01]
 [ 0.00000000e+00  0.00000000e+00  0.00000000e+00  1.00000000e+00]]

[[ 9.82219398e-01  6.61823001e-02  1.75684256e-01 -9.44560325e+02]
 [ 2.84271753e-02  8.72580486e-01 -4.87642483e-01  7.44826562e+02]
 [-1.85571954e-01  4.83966113e-01  8.55184104e-01  7.25707297e+01]
 [ 0.00000000e+00  0.00000000e+00  0.00000000e+00  1.00000000e+00]]

[[ 9.88014670e-01  5.27598109e-02  1.45063483e-01 -9.29278434e+02]
 [ 2.71300120e-02  8.65791072e-01 -4.99669673e-01  7.46886005e+02]
 [-1.51957146e-01  4.97616542e-01  8.53982906e-01  4.85438304e+01]
 [ 0.00000000e+00  0.00000000e+00  0.00000000e+00  1.00000000e+00]]

[[ 9.92128259e-01  5.11419663e-02  1.14306679e-01 -9.29730143e+02]
 [ 1.74378851e-02  8.47488333e-01 -5.30527516e-01  7.46701965e+02]
 [-1.24005797e-01  5.28344607e-01  8.39925317e-01  3.37261827e+01]
 [ 0.00000000e+00  0.00000000e+00  0.00000000e+00  1.00000000e+00]]

[[ 9.95198701e-01  5.30359586e-02  8.22601479e-02 -9.35852661e+02]
 [-7.92110875e-04  8.44796843e-01 -5.35086597e-01  7.63141403e+02]
 [-9.78719439e-02  5.32452328e-01  8.40782731e-01  1.36205549e+01]
 [ 0.00000000e+00  0.00000000e+00  0.00000000e+00  1.00000000e+00]]

[[ 9.93884984e-01  6.46514326e-02  8.95144213e-02 -9.30087236e+02]
 [-7.62689417e-03  8.48928248e-01 -5.28453082e-01  7.71050864e+02]
 [-1.10156570e-01  5.24538866e-01  8.44230128e-01  2.18230524e+01]
 [ 0.00000000e+00  0.00000000e+00  0.00000000e+00  1.00000000e+00]]

[[ 9.89844871e-01  9.70437188e-02  1.03873229e-01 -9.24370861e+02]
 [-3.13828310e-02  8.61874595e-01 -5.06149484e-01  7.93638734e+02]
 [-1.38644326e-01  4.97749635e-01  8.56167654e-01  4.62296429e+01]
 [ 0.00000000e+00  0.00000000e+00  0.00000000e+00  1.00000000e+00]]

[[ 9.96368323e-01  4.90284665e-02  6.96159006e-02 -9.32610387e+02]
 [-3.97974565e-05  8.17856093e-01 -5.75422810e-01  7.59724965e+02]
 [-8.51478864e-02  5.73330290e-01  8.14887855e-01 -4.70126992e-01]
 [ 0.00000000e+00  0.00000000e+00  0.00000000e+00  1.00000000e+00]]

[[ 9.94632225e-01  5.63072338e-02  8.68114791e-02 -9.30961280e+02]
 [-8.38565628e-05  8.39412511e-01 -5.43494830e-01  7.58910235e+02]
 [-1.03473332e-01  5.40570192e-01  8.34911455e-01  2.02785895e+01]
 [ 0.00000000e+00  0.00000000e+00  0.00000000e+00  1.00000000e+00]]

[[ 9.95650369e-01  5.26021456e-02  7.68983588e-02 -9.31122455e+02]
 [-8.99541554e-04  8.30758851e-01 -5.56631765e-01  7.60884066e+02]
 [-9.31640174e-02  5.54141449e-01  8.27192674e-01  1.07863805e+01]
 [ 0.00000000e+00  0.00000000e+00  0.00000000e+00  1.00000000e+00]]

[[ 9.96245626e-01  5.02304344e-02  7.05092673e-02 -9.33787611e+02]
 [-1.66228765e-03  8.25410202e-01 -5.64530987e-01  7.62346129e+02]
 [-8.65557053e-02  5.62294319e-01  8.22394801e-01  1.07046645e+01]
 [ 0.00000000e+00  0.00000000e+00  0.00000000e+00  1.00000000e+00]]

[[ 9.94451808e-01  2.50678351e-02  1.02162645e-01 -9.27739818e+02]
 [ 3.58603323e-02  8.32229499e-01 -5.53270366e-01  7.29891189e+02]
 [-9.88920574e-02  5.53864302e-01  8.26713188e-01  1.96405353e+01]
 [ 0.00000000e+00  0.00000000e+00  0.00000000e+00  1.00000000e+00]]

[[ 9.95365069e-01  5.08947704e-02  8.15971908e-02 -9.30738402e+02]
 [ 1.14392408e-03  8.42155549e-01 -5.39233459e-01  7.56875414e+02]
 [-9.61616901e-02  5.36827490e-01  8.38193996e-01  2.23497961e+01]
 [ 0.00000000e+00  0.00000000e+00  0.00000000e+00  1.00000000e+00]]

[[ 9.87041731e-01  9.49482278e-02  1.29357860e-01 -9.18653049e+02]
 [-2.18507591e-02  8.78171486e-01 -4.77846613e-01  7.82105118e+02]
 [-1.58969073e-01  4.68827981e-01  8.68866594e-01  7.55164488e+01]
 [ 0.00000000e+00  0.00000000e+00  0.00000000e+00  1.00000000e+00]]

[[ 9.95971000e-01  5.44932640e-02  7.12197332e-02 -9.33949263e+02]
 [-4.56004086e-03  8.23938545e-01 -5.66660816e-01  7.56399066e+02]
 [-8.95598808e-02  5.64052975e-01  8.20867388e-01  1.19691880e+01]
 [ 0.00000000e+00  0.00000000e+00  0.00000000e+00  1.00000000e+00]]

[[ 9.96561192e-01  5.75731473e-02  5.95912986e-02 -9.34114321e+02]
 [-1.31888962e-02  8.20226498e-01 -5.71886829e-01  7.65309821e+02]
 [-8.18036868e-02  5.69134277e-01  8.18165223e-01  4.53243279e+00]
 [ 0.00000000e+00  0.00000000e+00  0.00000000e+00  1.00000000e+00]]

[[ 9.94259535e-01  4.94325667e-02  9.48915038e-02 -9.27533481e+02]
 [ 1.31091108e-02  8.23913962e-01 -5.66563266e-01  7.46807130e+02]
 [-1.06189111e-01  5.64554873e-01  8.18536296e-01  2.19269930e+01]
 [ 0.00000000e+00  0.00000000e+00  0.00000000e+00  1.00000000e+00]]

[[ 9.87956555e-01  4.34274405e-02  1.48512297e-01 -9.14253467e+02]
 [ 3.93621721e-02  8.57692251e-01 -5.12654486e-01  7.35060879e+02]
 [-1.49641118e-01  5.12326127e-01  8.45653283e-01  6.02813770e+01]
 [ 0.00000000e+00  0.00000000e+00  0.00000000e+00  1.00000000e+00]]

[[ 9.92959520e-01  5.73585782e-02  1.03640655e-01 -9.26771310e+02]
 [ 9.17497734e-03  8.35072399e-01 -5.50063549e-01  7.48199836e+02]
 [-1.18098314e-01  5.47141738e-01  8.28666825e-01  3.03109234e+01]
 [ 0.00000000e+00  0.00000000e+00  0.00000000e+00  1.00000000e+00]]

[[ 9.86782979e-01  1.25363195e-01  1.02681164e-01 -8.94463638e+02]
 [-8.35168714e-02  9.36453972e-01 -3.40703523e-01  7.38781618e+02]
 [-1.38867866e-01  3.27624828e-01  9.34546782e-01 -7.22739834e+01]
 [ 0.00000000e+00  0.00000000e+00  0.00000000e+00  1.00000000e+00]]

[[ 9.88890173e-01  1.32421679e-01  6.75331408e-02 -9.06379191e+02]
 [-1.03764822e-01  9.40258305e-01 -3.24264061e-01  7.45803829e+02]
 [-1.06438188e-01  3.13653979e-01  9.43552910e-01 -1.12490463e+02]
 [ 0.00000000e+00  0.00000000e+00  0.00000000e+00  1.00000000e+00]]

[[ 9.86078702e-01  1.31566052e-01  1.01681700e-01 -9.03498480e+02]
 [-9.72557451e-02  9.52349270e-01 -2.89088545e-01  7.43597814e+02]
 [-1.34870731e-01  2.75174928e-01  9.51886887e-01 -8.88639574e+01]
 [ 0.00000000e+00  0.00000000e+00  0.00000000e+00  1.00000000e+00]]

[[ 9.88766351e-01  9.39725198e-02  1.16233685e-01 -8.94491454e+02]
 [-5.14504268e-02  9.44102196e-01 -3.25613109e-01  7.14257419e+02]
 [-1.40335162e-01  3.15975013e-01  9.38331409e-01 -9.45232465e+01]
 [ 0.00000000e+00  0.00000000e+00  0.00000000e+00  1.00000000e+00]]

[[ 9.91617065e-01  1.20112780e-01  4.76289396e-02 -8.85909169e+02]
 [-9.78170509e-02  9.38667559e-01 -3.30658491e-01  7.31074887e+02]
 [-8.44240512e-02  3.23227680e-01  9.42547848e-01 -1.32992997e+02]
 [ 0.00000000e+00  0.00000000e+00  0.00000000e+00  1.00000000e+00]]

[[ 9.85725045e-01  1.65903533e-01 -2.86732070e-02 -8.61938845e+02]
 [-1.66432201e-01  9.34466127e-01 -3.14759241e-01  7.69821045e+02]
 [-2.54255293e-02  3.15038212e-01  9.48738356e-01 -1.75296322e+02]
 [ 0.00000000e+00  0.00000000e+00  0.00000000e+00  1.00000000e+00]]

[[ 9.91384373e-01  1.28190114e-01  2.69131971e-02 -8.64869414e+02]
 [-1.09853064e-01  9.25610675e-01 -3.62183907e-01  7.41013355e+02]
 [-7.13395387e-02  3.56106968e-01  9.31718035e-01 -1.62047824e+02]
 [ 0.00000000e+00  0.00000000e+00  0.00000000e+00  1.00000000e+00]]

[[ 9.87986568e-01  1.54532081e-01 -1.54162528e-03 -8.82788922e+02]
 [-1.42688487e-01  9.08343744e-01 -3.93130561e-01  7.74063622e+02]
 [-5.93509579e-02  3.88627687e-01  9.19481367e-01 -1.75562654e+02]
 [ 0.00000000e+00  0.00000000e+00  0.00000000e+00  1.00000000e+00]]

[[ 9.91133163e-01  9.79620837e-02  8.97690556e-02 -9.11045226e+02]
 [-4.75538425e-02  8.92375119e-01 -4.48781994e-01  7.34182915e+02]
 [-1.24071291e-01  4.40533854e-01  8.89121048e-01 -5.57172436e+01]
 [ 0.00000000e+00  0.00000000e+00  0.00000000e+00  1.00000000e+00]]

[[ 9.85828924e-01  9.87681756e-02  1.35595650e-01 -8.37075817e+02]
 [-1.62676480e-02  8.60777814e-01 -5.08720866e-01  6.23700429e+02]
 [-1.66963159e-01  4.99305921e-01  8.50186392e-01  6.08699622e+01]
 [ 0.00000000e+00  0.00000000e+00  0.00000000e+00  1.00000000e+00]]

[[ 9.82447728e-01  5.88219287e-02  1.77021025e-01 -7.95589906e+02]
 [ 2.28204760e-02  9.03952478e-01 -4.27023586e-01  5.75936048e+02]
 [-1.85136945e-01  4.23568056e-01  8.86743714e-01  4.05751436e+01]
 [ 0.00000000e+00  0.00000000e+00  0.00000000e+00  1.00000000e+00]]

[[ 9.80201694e-01  9.32766162e-02  1.74654266e-01 -8.02149067e+02]
 [-1.32787350e-02  9.11066804e-01 -4.12044845e-01  6.01823111e+02]
 [-1.97555853e-01  4.01567868e-01  8.94267819e-01  5.43072476e+01]
 [ 0.00000000e+00  0.00000000e+00  0.00000000e+00  1.00000000e+00]]

[[ 9.87855130e-01  5.99827192e-02  1.43332882e-01 -8.11297929e+02]
 [ 1.62278237e-02  8.77605941e-01 -4.79107995e-01  5.69129527e+02]
 [-1.54527989e-01  4.75615271e-01  8.65974142e-01  7.16162192e+00]
 [ 0.00000000e+00  0.00000000e+00  0.00000000e+00  1.00000000e+00]]

[[ 9.70417677e-01  8.89326352e-02  2.24456050e-01 -7.76088148e+02]
 [-3.16650879e-03  9.34293722e-01 -3.56490131e-01  6.13258321e+02]
 [-2.41411485e-01  3.45233583e-01  9.06936750e-01  8.95209694e+01]
 [ 0.00000000e+00  0.00000000e+00  0.00000000e+00  1.00000000e+00]]

[[ 9.83529792e-01  5.91725824e-02  1.70785696e-01 -7.98229224e+02]
 [ 2.84994554e-02  8.82303074e-01 -4.69818122e-01  5.65735188e+02]
 [-1.78485096e-01  4.66947419e-01  8.66084972e-01  2.33878970e+01]
 [ 0.00000000e+00  0.00000000e+00  0.00000000e+00  1.00000000e+00]]

[[ 9.80781113e-01 -7.35900296e-03  1.94972442e-01 -7.85036453e+02]
 [ 1.18220804e-01  8.17377553e-01 -5.63841979e-01  4.83265213e+02]
 [-1.55216783e-01  5.76055363e-01  8.02538453e-01 -1.76746907e+01]
 [ 0.00000000e+00  0.00000000e+00  0.00000000e+00  1.00000000e+00]]

[[ 9.81904119e-01  9.41393968e-02  1.64323081e-01 -8.04106315e+02]
 [-1.54627288e-02  9.04651712e-01 -4.25871088e-01  6.02566437e+02]
 [-1.88746404e-01  4.15623692e-01  8.89736894e-01  4.39399725e+01]
 [ 0.00000000e+00  0.00000000e+00  0.00000000e+00  1.00000000e+00]]

[[ 9.93521723e-01  6.19707102e-02  9.52586821e-02 -8.21251086e+02]
 [-4.53533734e-03  8.59186245e-01 -5.11642871e-01  5.70741014e+02]
 [-1.13551821e-01  5.07896277e-01  8.53901257e-01 -2.47370972e+01]
 [ 0.00000000e+00  0.00000000e+00  0.00000000e+00  1.00000000e+00]]

[[ 9.90864838e-01  8.28328189e-02  1.06421784e-01 -7.91584035e+02]
 [-2.04114203e-02  8.72159622e-01 -4.88795426e-01  5.53914324e+02]
 [-1.33305086e-01  4.82157981e-01  8.65883038e-01 -1.36187900e+01]
 [ 0.00000000e+00  0.00000000e+00  0.00000000e+00  1.00000000e+00]]

[[ 9.87080178e-01  1.15608457e-01  1.10938755e-01 -7.95151845e+02]
 [-5.76939902e-02  9.02390095e-01 -4.27040420e-01  5.93383615e+02]
 [-1.49479518e-01  4.15122634e-01  8.97401288e-01  1.04765969e+01]
 [ 0.00000000e+00  0.00000000e+00  0.00000000e+00  1.00000000e+00]]

[[ 9.87721651e-01  8.84965356e-02  1.28741224e-01 -7.92177474e+02]
 [-2.31914614e-02  8.98010330e-01 -4.39362723e-01  5.71082218e+02]
 [-1.54493028e-01  4.30982377e-01  8.89036610e-01  1.40263349e+01]
 [ 0.00000000e+00  0.00000000e+00  0.00000000e+00  1.00000000e+00]]

[[ 9.76856594e-01  3.69769593e-02  2.10674865e-01 -7.60778493e+02]
 [ 7.44797189e-02  8.64501296e-01 -4.97081765e-01  5.16661936e+02]
 [-2.00509266e-01  5.01268605e-01  8.41739758e-01  3.48081188e+01]
 [ 0.00000000e+00  0.00000000e+00  0.00000000e+00  1.00000000e+00]]

[[ 9.83122627e-01  1.00636260e-01  1.52781684e-01 -7.87332782e+02]
 [-2.77607382e-02  9.07501768e-01 -4.19129911e-01  6.07867069e+02]
 [-1.80829315e-01  4.07814767e-01  8.94979259e-01  4.25068861e+01]
 [ 0.00000000e+00  0.00000000e+00  0.00000000e+00  1.00000000e+00]]

[[ 9.85679470e-01  7.81324012e-02  1.49436640e-01 -7.82016170e+02]
 [-1.21456568e-02  9.16774738e-01 -3.99219943e-01  5.58394695e+02]
 [-1.68191750e-01  3.91687896e-01  9.04595008e-01  8.85244137e+00]
 [ 0.00000000e+00  0.00000000e+00  0.00000000e+00  1.00000000e+00]]

[[ 9.82042467e-01  9.60663046e-02  1.62369510e-01 -7.77393044e+02]
 [-4.27368507e-02  9.51550997e-01 -3.04506589e-01  5.81010711e+02]
 [-1.83755691e-01  2.92099240e-01  9.38569060e-01  4.20548953e+01]
 [ 0.00000000e+00  0.00000000e+00  0.00000000e+00  1.00000000e+00]]

[[ 9.93513443e-01  7.50610260e-02  8.54217877e-02 -8.06508308e+02]
 [-3.16326370e-02  9.03971771e-01 -4.26420466e-01  5.47265558e+02]
 [-1.09226442e-01  4.20952349e-01  9.00482484e-01 -2.81704487e+01]
 [ 0.00000000e+00  0.00000000e+00  0.00000000e+00  1.00000000e+00]]

[[ 9.93684900e-01  1.03511405e-01  4.33094514e-02 -8.17303745e+02]
 [-7.56940205e-02  9.03314395e-01 -4.22248172e-01  5.87978265e+02]
 [-8.28295522e-02  4.16303366e-01  9.05445069e-01 -4.39782052e+01]
 [ 0.00000000e+00  0.00000000e+00  0.00000000e+00  1.00000000e+00]]

[[ 9.96529211e-01  7.99035693e-02  2.33441963e-02 -8.23150517e+02]
 [-5.94597588e-02  8.79505033e-01 -4.72160390e-01  5.72512068e+02]
 [-5.82586385e-02  4.69133580e-01  8.81203504e-01 -6.40794770e+01]
 [ 0.00000000e+00  0.00000000e+00  0.00000000e+00  1.00000000e+00]]

[[ 9.95797931e-01  9.13838922e-02  5.95529556e-03 -8.30184621e+02]
 [-7.66455999e-02  8.67254758e-01 -4.91929503e-01  5.91980349e+02]
 [-5.01191911e-02  4.89405934e-01  8.70614667e-01 -6.33939652e+01]
 [ 0.00000000e+00  0.00000000e+00  0.00000000e+00  1.00000000e+00]]

[[ 9.89894922e-01  1.03987043e-01  9.64092266e-02 -8.00789553e+02]
 [-5.07110298e-02  8.94518372e-01 -4.44145554e-01  6.01024761e+02]
 [-1.32425207e-01  4.34768418e-01  8.90752484e-01  6.38997517e+00]
 [ 0.00000000e+00  0.00000000e+00  0.00000000e+00  1.00000000e+00]]

[[ 9.47722794e-01  1.69958900e-02  3.18641876e-01 -7.08045962e+02]
 [ 1.27974135e-01  8.94509724e-01 -4.28339788e-01  4.78132320e+02]
 [-2.92308272e-01  4.46725299e-01  8.45572221e-01  9.75927599e+01]
 [ 0.00000000e+00  0.00000000e+00  0.00000000e+00  1.00000000e+00]]

[[ 9.88140700e-01  1.03343934e-01  1.13569310e-01 -7.97046912e+02]
 [-4.69545789e-02  9.07554674e-01 -4.17300588e-01  6.04127067e+02]
 [-1.46195842e-01  4.07019096e-01  9.01644182e-01  1.09245875e+01]
 [ 0.00000000e+00  0.00000000e+00  0.00000000e+00  1.00000000e+00]]

[[ 9.94271185e-01  6.42882752e-02  8.53921988e-02 -8.09084030e+02]
 [-1.03227051e-02  8.52921865e-01 -5.21936524e-01  5.59295495e+02]
 [-1.06387272e-01  5.18064968e-01  8.48699262e-01 -3.34667401e+01]
 [ 0.00000000e+00  0.00000000e+00  0.00000000e+00  1.00000000e+00]]

[[ 9.85610235e-01  1.17576578e-01  1.21442218e-01 -8.00798987e+02]
 [-4.57850737e-02  8.77287532e-01 -4.77776427e-01  6.15693044e+02]
 [-1.62715061e-01  4.65341096e-01  8.70046823e-01  2.07050678e+01]
 [ 0.00000000e+00  0.00000000e+00  0.00000000e+00  1.00000000e+00]]

[[ 9.85766949e-01  9.49680451e-02  1.38724879e-01 -8.00404005e+02]
 [-4.57738540e-03  8.40021409e-01 -5.42533944e-01  5.90934392e+02]
 [-1.68055257e-01  5.34177033e-01  8.28500047e-01  9.10716215e+00]
 [ 0.00000000e+00  0.00000000e+00  0.00000000e+00  1.00000000e+00]]

[[ 9.92147314e-01  1.14830490e-01  4.95748454e-02 -8.34035191e+02]
 [-6.51485989e-02  8.12805908e-01 -5.78880140e-01  6.22759468e+02]
 [-1.06767818e-01  5.71104644e-01  8.13904244e-01 -3.86213419e+01]
 [ 0.00000000e+00  0.00000000e+00  0.00000000e+00  1.00000000e+00]]

[[ 9.93042353e-01  1.02751689e-01  5.75236922e-02 -8.31903560e+02]
 [-5.13188826e-02  8.17283818e-01 -5.73945584e-01  6.15155344e+02]
 [-1.05987061e-01  5.67000221e-01  8.16870548e-01 -4.00889030e+01]
 [ 0.00000000e+00  0.00000000e+00  0.00000000e+00  1.00000000e+00]]

[[ 9.91849114e-01  1.18777117e-01  4.61230062e-02 -8.35396438e+02]
 [-7.12856009e-02  8.17302736e-01 -5.71781953e-01  6.34104315e+02]
 [-1.05611071e-01  5.63833517e-01  8.19108092e-01 -4.24687283e+01]
 [ 0.00000000e+00  0.00000000e+00  0.00000000e+00  1.00000000e+00]]

[[ 9.76771975e-01  1.23235761e-01  1.75298193e-01 -7.91407956e+02]
 [-1.99213027e-02  8.66756829e-01 -4.98332961e-01  6.22548684e+02]
 [-2.13353347e-01  4.83265502e-01  8.49078797e-01  5.26307788e+01]
 [ 0.00000000e+00  0.00000000e+00  0.00000000e+00  1.00000000e+00]]

[[ 9.78819051e-01  8.76179347e-02  1.85030709e-01 -7.80490674e+02]
 [ 3.29279395e-02  8.24647972e-01 -5.64687058e-01  5.87408087e+02]
 [-2.02061913e-01  5.58819130e-01  8.04296067e-01  5.32605720e+01]
 [ 0.00000000e+00  0.00000000e+00  0.00000000e+00  1.00000000e+00]]

[[ 9.85376963e-01  1.99965885e-02  1.69211042e-01 -7.76353774e+02]
 [ 9.57840303e-02  7.56310984e-01 -6.47162356e-01  5.31579280e+02]
 [-1.40917209e-01  6.53906592e-01  7.43336067e-01 -1.15090063e+01]
 [ 0.00000000e+00  0.00000000e+00  0.00000000e+00  1.00000000e+00]]

[[ 9.75035962e-01  8.88700098e-02  2.03487087e-01 -7.66049635e+02]
 [ 2.88000050e-02  8.58058564e-01 -5.12743659e-01  6.07806891e+02]
 [-2.20171372e-01  5.05803936e-01  8.34078501e-01  7.55228237e+01]
 [ 0.00000000e+00  0.00000000e+00  0.00000000e+00  1.00000000e+00]]

[[ 9.18680614e-01 -4.17338225e-02  3.92790297e-01 -6.67053377e+02]
 [ 3.07819921e-01  6.98797845e-01 -6.45699984e-01  3.84606644e+02]
 [-2.47533485e-01  7.14100735e-01  6.54818535e-01  3.20449933e+01]
 [ 0.00000000e+00  0.00000000e+00  0.00000000e+00  1.00000000e+00]]

[[ 9.94312575e-01  4.89370549e-02  9.45921106e-02 -8.00312181e+02]
 [ 1.87639608e-02  7.93788758e-01 -6.07904040e-01  5.34085367e+02]
 [-1.04835187e-01  6.06221554e-01  7.88355891e-01 -6.19031105e+01]
 [ 0.00000000e+00  0.00000000e+00  0.00000000e+00  1.00000000e+00]]

[[ 9.77478026e-01  1.29071599e-01  1.66964760e-01 -7.86283144e+02]
 [-6.22778435e-02  9.32350558e-01 -3.56151522e-01  6.02397501e+02]
 [-2.01638734e-01  3.37732081e-01  9.19390484e-01  4.51276324e+01]
 [ 0.00000000e+00  0.00000000e+00  0.00000000e+00  1.00000000e+00]]

[[ 9.90776058e-01  1.25735547e-01  5.05309305e-02 -8.31071719e+02]
 [-8.94867450e-02  8.87112117e-01 -4.52795996e-01  5.85284162e+02]
 [-1.01759153e-01  4.44097583e-01  8.90181112e-01 -5.17048385e+01]
 [ 0.00000000e+00  0.00000000e+00  0.00000000e+00  1.00000000e+00]]

[[ 9.89976000e-01  1.18243387e-01  7.72400236e-02 -8.23427198e+02]
 [-7.23524659e-02  8.94262753e-01 -4.41655124e-01  5.73864817e+02]
 [-1.21295674e-01  4.31639467e-01  8.93853864e-01 -3.45819680e+01]
 [ 0.00000000e+00  0.00000000e+00  0.00000000e+00  1.00000000e+00]]

[[ 9.75169846e-01  4.82198997e-02  2.16144890e-01 -7.68878958e+02]
 [ 6.65623506e-02  8.67059128e-01 -4.93738719e-01  4.69943085e+02]
 [-2.11218432e-01  4.95866222e-01  8.42320286e-01  5.49546740e+00]
 [ 0.00000000e+00  0.00000000e+00  0.00000000e+00  1.00000000e+00]]

[[ 9.92441539e-01  8.58447985e-02  8.76952796e-02 -8.24499687e+02]
 [-3.57593892e-02  8.85891740e-01 -4.62511720e-01  5.58634458e+02]
 [-1.17392749e-01  4.55879914e-01  8.82265519e-01 -4.48469229e+01]
 [ 0.00000000e+00  0.00000000e+00  0.00000000e+00  1.00000000e+00]]

[[ 9.91690857e-01  9.76385766e-02  8.37612864e-02 -8.26318812e+02]
 [-4.71417899e-02  8.81636597e-01 -4.69568486e-01  5.89388260e+02]
 [-1.19695014e-01  4.61718117e-01  8.78913809e-01 -3.97339179e+01]
 [ 0.00000000e+00  0.00000000e+00  0.00000000e+00  1.00000000e+00]]

[[ 9.72489088e-01  1.02229912e-01  2.09317984e-01 -7.80504715e+02]
 [-2.30975149e-02  9.36447761e-01 -3.50045849e-01  6.12746654e+02]
 [-2.31800514e-01  3.35581044e-01  9.13046486e-01  6.88348497e+01]
 [ 0.00000000e+00  0.00000000e+00  0.00000000e+00  1.00000000e+00]]

[[ 9.61908861e-01  7.68577108e-02  2.62343737e-01 -7.57404291e+02]
 [ 2.42957685e-02  9.31831352e-01 -3.62077405e-01  5.89907817e+02]
 [-2.72288559e-01  3.54659307e-01  8.94469517e-01  9.81735565e+01]
 [ 0.00000000e+00  0.00000000e+00  0.00000000e+00  1.00000000e+00]]

[[ 9.63893690e-01  5.54779094e-02  2.60444150e-01 -7.56100144e+02]
 [ 6.03787857e-02  9.07049276e-01 -4.16672550e-01  5.70189225e+02]
 [-2.59351799e-01  4.17353344e-01  8.70949385e-01  8.19957513e+01]
 [ 0.00000000e+00  0.00000000e+00  0.00000000e+00  1.00000000e+00]]

[[ 9.74821030e-01  7.21893171e-02  2.10980240e-01 -7.76581232e+02]
 [ 2.62209176e-02  9.02474628e-01 -4.29944193e-01  5.92266978e+02]
 [-2.21441691e-01  4.24650736e-01  8.77858377e-01  5.29774718e+01]
 [ 0.00000000e+00  0.00000000e+00  0.00000000e+00  1.00000000e+00]]

[[ 9.07968119e-01 -3.63065347e-02  4.17463448e-01 -6.68311271e+02]
 [ 2.61847898e-01  8.26945565e-01 -4.97590908e-01  4.17564688e+02]
 [-3.27153745e-01  5.61108607e-01  7.60346999e-01  8.49718904e+01]
 [ 0.00000000e+00  0.00000000e+00  0.00000000e+00  1.00000000e+00]]

[[ 9.84630248e-01  3.04716620e-02  1.71973114e-01 -7.90029487e+02]
 [ 7.11984082e-02  8.29097432e-01 -5.54552284e-01  5.39214822e+02]
 [-1.59480597e-01  5.58273165e-01  8.14184876e-01 -1.80710830e+01]
 [ 0.00000000e+00  0.00000000e+00  0.00000000e+00  1.00000000e+00]]

[[ 9.85258835e-01  6.14548971e-02  1.59650627e-01 -7.96282422e+02]
 [ 3.03745694e-02  8.55572798e-01 -5.16790648e-01  5.81707606e+02]
 [-1.68352050e-01  5.14021871e-01  8.41093992e-01  8.62960707e+00]
 [ 0.00000000e+00  0.00000000e+00  0.00000000e+00  1.00000000e+00]]

[[ 9.79467391e-01  3.93037659e-02  1.97734278e-01 -7.80951897e+02]
 [ 6.57307083e-02  8.64957377e-01 -4.97522070e-01  5.92667409e+02]
 [-1.90586214e-01  5.00303858e-01  8.44614080e-01  4.33629340e+01]
 [ 0.00000000e+00  0.00000000e+00  0.00000000e+00  1.00000000e+00]]

[[ 9.60050586e-01  1.17914186e-02  2.79577959e-01 -7.40434209e+02]
 [ 1.38351190e-01  8.48450734e-01 -5.10872097e-01  5.59061849e+02]
 [-2.43232032e-01  5.29142999e-01  8.12924268e-01  8.06953657e+01]
 [ 0.00000000e+00  0.00000000e+00  0.00000000e+00  1.00000000e+00]]

[[ 9.76016475e-01  2.51025219e-02  2.16244548e-01 -7.66295515e+02]
 [ 9.47525843e-02  8.45319096e-01 -5.25792330e-01  5.77357791e+02]
 [-1.95994359e-01  5.33671706e-01  8.22666835e-01  4.17598224e+01]
 [ 0.00000000e+00  0.00000000e+00  0.00000000e+00  1.00000000e+00]]

[[ 9.73506334e-01  3.63581028e-02  2.25750983e-01 -7.58456168e+02]
 [ 8.91901102e-02  8.48699191e-01 -5.21301072e-01  5.85989161e+02]
 [-2.10548195e-01  5.27624651e-01  8.22971255e-01  4.90833386e+01]
 [ 0.00000000e+00  0.00000000e+00  0.00000000e+00  1.00000000e+00]]

[[ 9.76230008e-01  4.71605291e-02  2.11543979e-01 -7.67188785e+02]
 [ 6.91031546e-02  8.57373542e-01 -5.10034669e-01  6.00668985e+02]
 [-2.05425715e-01  5.12529505e-01  8.33734839e-01  5.33710017e+01]
 [ 0.00000000e+00  0.00000000e+00  0.00000000e+00  1.00000000e+00]]

[[ 9.82758778e-01  4.22823545e-02  1.79992742e-01 -7.80220448e+02]
 [ 6.54730126e-02  8.30834611e-01 -5.52654625e-01  6.10543722e+02]
 [-1.72911739e-01  5.54910851e-01  8.13741653e-01  2.84344326e+01]
 [ 0.00000000e+00  0.00000000e+00  0.00000000e+00  1.00000000e+00]]

[[ 9.87278022e-01  6.94842560e-02  1.43017643e-01 -7.97014324e+02]
 [ 1.99197749e-02  8.38325804e-01 -5.44805514e-01  6.56593325e+02]
 [-1.57750787e-01  5.40723390e-01  8.26276531e-01  3.41803344e+01]
 [ 0.00000000e+00  0.00000000e+00  0.00000000e+00  1.00000000e+00]]

[[ 9.76225880e-01  2.07220748e-03  2.16745790e-01 -7.67049525e+02]
 [ 1.35237622e-01  7.75631773e-01 -6.16527484e-01  5.74325541e+02]
 [-1.69392494e-01  6.31182271e-01  7.56911570e-01  2.16418450e+01]
 [ 0.00000000e+00  0.00000000e+00  0.00000000e+00  1.00000000e+00]]

[[ 9.65398038e-01  4.73540085e-02  2.56445367e-01 -7.49559070e+02]
 [ 1.04260282e-01  8.31277919e-01 -5.45991589e-01  6.04757975e+02]
 [-2.39032261e-01  5.53836275e-01  7.97576930e-01  8.10178433e+01]
 [ 0.00000000e+00  0.00000000e+00  0.00000000e+00  1.00000000e+00]]

[[ 9.73499345e-01  5.68468669e-02  2.21511760e-01 -7.63610864e+02]
 [ 6.60198942e-02  8.57512900e-01 -5.10208781e-01  6.38332953e+02]
 [-2.18952963e-01  5.11312097e-01  8.31035222e-01  7.56098961e+01]
 [ 0.00000000e+00  0.00000000e+00  0.00000000e+00  1.00000000e+00]]

[[ 9.66849141e-01  1.68720732e-02  2.54790251e-01 -7.50177564e+02]
 [ 1.33199809e-01  8.17976806e-01 -5.59617508e-01  5.81904031e+02]
 [-2.17854424e-01  5.75003720e-01  7.88612815e-01  6.46953804e+01]
 [ 0.00000000e+00  0.00000000e+00  0.00000000e+00  1.00000000e+00]]

[[ 9.92391470e-01 -5.25459952e-03  1.23010400e-01 -8.03054835e+02]
 [ 8.70504977e-02  7.36490797e-01 -6.70823014e-01  6.07637814e+02]
 [-8.70711213e-02  6.76427154e-01  7.31344601e-01 -3.04393384e+01]
 [ 0.00000000e+00  0.00000000e+00  0.00000000e+00  1.00000000e+00]]

[[ 9.63973268e-01  9.13176885e-03  2.65842341e-01 -7.48323452e+02]
 [ 1.67874581e-01  7.54351043e-01 -6.34643702e-01  6.04619492e+02]
 [-2.06333867e-01  6.56407735e-01  7.25641248e-01  7.11272500e+01]
 [ 0.00000000e+00  0.00000000e+00  0.00000000e+00  1.00000000e+00]]

[[ 9.47837969e-01  1.20925804e-02  3.18523082e-01 -7.22530390e+02]
 [ 1.58759663e-01  8.48605544e-01 -5.04642447e-01  6.32249731e+02]
 [-2.76402883e-01  5.28887889e-01  8.02420742e-01  1.27201351e+02]
 [ 0.00000000e+00  0.00000000e+00  0.00000000e+00  1.00000000e+00]]

[[ 9.55051895e-01  1.42516511e-02  2.96095875e-01 -7.34463786e+02]
 [ 1.66069045e-01  8.01667785e-01 -5.74238482e-01  6.08206139e+02]
 [-2.45554371e-01  5.97599910e-01  7.63267579e-01  9.49851366e+01]
 [ 0.00000000e+00  0.00000000e+00  0.00000000e+00  1.00000000e+00]]

[[ 9.35796849e-01  1.15849293e-02  3.52349324e-01 -7.04701383e+02]
 [ 1.90380462e-01  8.24587439e-01 -5.32738993e-01  6.04892834e+02]
 [-2.96714570e-01  5.65615898e-01  7.69440783e-01  1.31619732e+02]
 [ 0.00000000e+00  0.00000000e+00  0.00000000e+00  1.00000000e+00]]

[[ 9.65697115e-01 -3.13361031e-04  2.59670914e-01 -7.50031567e+02]
 [ 1.69909314e-01  7.56975371e-01 -6.30966807e-01  5.94196850e+02]
 [-1.96366766e-01  6.53443333e-01  7.31062175e-01  5.10244381e+01]
 [ 0.00000000e+00  0.00000000e+00  0.00000000e+00  1.00000000e+00]]

[[ 9.46323267e-01  1.36716582e-02  3.22932440e-01 -7.20958216e+02]
 [ 1.84535005e-01  7.97415458e-01 -5.74521905e-01  5.97014183e+02]
 [-2.65365986e-01  6.03275786e-01  7.52089901e-01  1.05813250e+02]
 [ 0.00000000e+00  0.00000000e+00  0.00000000e+00  1.00000000e+00]]

[[ 9.24808706e-01 -2.00024862e-02  3.79906248e-01 -6.88726306e+02]
 [ 2.59253341e-01  7.63970068e-01 -5.90878532e-01  5.49503670e+02]
 [-2.78417963e-01  6.44941575e-01  7.11711882e-01  1.00424787e+02]
 [ 0.00000000e+00  0.00000000e+00  0.00000000e+00  1.00000000e+00]]

[[ 9.75656298e-01  2.90249295e-02  2.17376038e-01 -7.68965324e+02]
 [ 1.21137504e-01  7.54940253e-01 -6.44508278e-01  6.22264779e+02]
 [-1.82812729e-01  6.55150951e-01  7.33046204e-01  4.33733584e+01]
 [ 0.00000000e+00  0.00000000e+00  0.00000000e+00  1.00000000e+00]]

[[ 9.54160880e-01  2.75570226e-02  2.98022862e-01 -7.33913156e+02]
 [ 1.46761469e-01  8.24739396e-01 -5.46137345e-01  6.27565369e+02]
 [-2.60841115e-01  5.64841162e-01  7.82889759e-01  1.12187990e+02]
 [ 0.00000000e+00  0.00000000e+00  0.00000000e+00  1.00000000e+00]]

[[ 9.61943623e-01 -1.21990986e-03  2.73245270e-01 -7.45301672e+02]
 [ 1.87219475e-01  7.31324794e-01 -6.55829942e-01  5.74729983e+02]
 [-1.99030987e-01  6.82028267e-01  7.03721613e-01  4.65881862e+01]
 [ 0.00000000e+00  0.00000000e+00  0.00000000e+00  1.00000000e+00]]

[[ 9.62599087e-01 -3.28840645e-02  2.68926822e-01 -7.45087014e+02]
 [ 2.20148456e-01  6.73496039e-01 -7.05647039e-01  5.42156444e+02]
 [-1.57916607e-01  7.38459020e-01  6.55546048e-01  4.01570653e+00]
 [ 0.00000000e+00  0.00000000e+00  0.00000000e+00  1.00000000e+00]]

[[ 9.23020693e-01  7.47290382e-04  3.84749583e-01 -6.91197150e+02]
 [ 2.26878250e-01  8.06580804e-01 -5.45851323e-01  5.72032392e+02]
 [-3.10739538e-01  5.91123379e-01  7.44321228e-01  1.36223179e+02]
 [ 0.00000000e+00  0.00000000e+00  0.00000000e+00  1.00000000e+00]]

[[ 9.27887100e-01  2.34455616e-02  3.72123414e-01 -7.01347003e+02]
 [ 1.16296855e-01  9.30035259e-01 -3.48582070e-01  6.79978230e+02]
 [-3.54260598e-01  3.66721588e-01  8.60241074e-01  2.09985061e+02]
 [ 0.00000000e+00  0.00000000e+00  0.00000000e+00  1.00000000e+00]]

[[ 9.38537730e-01  2.93979586e-02  3.43922506e-01 -7.12248982e+02]
 [ 1.74553159e-01  8.19157758e-01 -5.46362299e-01  6.07131831e+02]
 [-2.97788725e-01  5.72814391e-01  7.63678956e-01  1.32897121e+02]
 [ 0.00000000e+00  0.00000000e+00  0.00000000e+00  1.00000000e+00]]

[[ 9.64338167e-01  6.70735419e-03  2.64588192e-01 -7.50824482e+02]
 [ 1.71773565e-01  7.44681434e-01 -6.44936744e-01  5.85721745e+02]
 [-2.01359734e-01  6.67386374e-01  7.16972583e-01  5.19947297e+01]
 [ 0.00000000e+00  0.00000000e+00  0.00000000e+00  1.00000000e+00]]

[[ 9.47481264e-01 -9.48986309e-03  3.19670449e-01 -7.23423472e+02]
 [ 2.15670869e-01  7.57029026e-01 -6.16760188e-01  5.65375598e+02]
 [-2.36146839e-01  6.53312327e-01  7.19317506e-01  7.55721122e+01]
 [ 0.00000000e+00  0.00000000e+00  0.00000000e+00  1.00000000e+00]]

[[ 9.28459059e-01 -1.77011446e-02  3.71012729e-01 -6.96427809e+02]
 [ 2.44663713e-01  7.80696949e-01 -5.75023427e-01  5.55258854e+02]
 [-2.79469933e-01  6.24659062e-01  7.29175982e-01  1.09018369e+02]
 [ 0.00000000e+00  0.00000000e+00  0.00000000e+00  1.00000000e+00]]

[[ 9.73232644e-01 -6.04465772e-03  2.29742645e-01 -7.63263635e+02]
 [ 1.61534352e-01  7.29067034e-01 -6.65107445e-01  5.90836333e+02]
 [-1.63477442e-01  6.84415607e-01  7.10528257e-01  2.27803367e+01]
 [ 0.00000000e+00  0.00000000e+00  0.00000000e+00  1.00000000e+00]]

[[ 9.68472068e-01 -4.21768332e-02  2.45525903e-01 -7.53745722e+02]
 [ 2.13607434e-01  6.47744178e-01 -7.31299763e-01  5.42201502e+02]
 [-1.28194066e-01  7.60689552e-01  6.36331429e-01 -2.14559434e+01]
 [ 0.00000000e+00  0.00000000e+00  0.00000000e+00  1.00000000e+00]]

[[ 9.39358694e-01  1.10612568e-02  3.42757776e-01 -7.13037591e+02]
 [ 1.86597695e-01  8.22086279e-01 -5.37917699e-01  6.01232178e+02]
 [-2.87726511e-01  5.69255477e-01  7.70169888e-01  1.27032034e+02]
 [ 0.00000000e+00  0.00000000e+00  0.00000000e+00  1.00000000e+00]]

[[ 9.26509804e-01  1.30874470e-02  3.76042953e-01 -6.95389175e+02]
 [ 2.05936431e-01  8.18786463e-01 -5.35890768e-01  5.89682028e+02]
 [-3.14912321e-01  5.73948993e-01  7.55918503e-01  1.41932475e+02]
 [ 0.00000000e+00  0.00000000e+00  0.00000000e+00  1.00000000e+00]]

[[ 9.75294872e-01 -1.39643184e-02  2.20465213e-01 -7.66945897e+02]
 [ 1.64102695e-01  7.13908022e-01 -6.80739041e-01  5.83986222e+02]
 [-1.47885827e-01  7.00100232e-01  6.98562415e-01  1.03975265e+01]
 [ 0.00000000e+00  0.00000000e+00  0.00000000e+00  1.00000000e+00]]

[[ 9.24108536e-01  1.82178867e-02  3.81695588e-01 -6.94033801e+02]
 [ 2.01342002e-01  8.25751569e-01 -5.26873556e-01  5.92993352e+02]
 [-3.24784254e-01  5.63739705e-01  7.59416048e-01  1.50604849e+02]
 [ 0.00000000e+00  0.00000000e+00  0.00000000e+00  1.00000000e+00]]

[[ 9.84788384e-01  8.07081259e-03  1.73570451e-01 -7.87181235e+02]
 [ 1.20091765e-01  6.90322869e-01 -7.13464999e-01  6.04986323e+02]
 [-1.25577894e-01  7.23456425e-01  6.78852704e-01 -9.99607337e+00]
 [ 0.00000000e+00  0.00000000e+00  0.00000000e+00  1.00000000e+00]]

[[ 9.89947335e-01  1.59034901e-02  1.40539506e-01 -7.99705228e+02]
 [ 8.92067935e-02  7.00882400e-01 -7.07676487e-01  6.25572506e+02]
 [-1.09756192e-01  7.13099531e-01  6.92417964e-01 -1.65375741e+01]
 [ 0.00000000e+00  0.00000000e+00  0.00000000e+00  1.00000000e+00]]

[[ 9.71887136e-01  1.71585756e-02  2.34821161e-01 -7.62405542e+02]
 [ 1.37473910e-01  7.68323057e-01 -6.25124471e-01  6.13895968e+02]
 [-1.91144757e-01  6.39832215e-01  7.44364439e-01  5.41643415e+01]
 [ 0.00000000e+00  0.00000000e+00  0.00000000e+00  1.00000000e+00]]

[[ 9.48945555e-01  1.67141609e-02  3.14996780e-01 -7.27396017e+02]
 [ 1.71246050e-01  8.11333565e-01 -5.58938848e-01  6.06388582e+02]
 [-2.64909654e-01  5.84344490e-01  7.67049146e-01  1.10594212e+02]
 [ 0.00000000e+00  0.00000000e+00  0.00000000e+00  1.00000000e+00]]

[[ 9.60465576e-01 -2.00583988e-02  2.77675240e-01 -7.40975321e+02]
 [ 2.17159741e-01  6.78093067e-01 -7.02161975e-01  5.45210313e+02]
 [-1.74205410e-01  7.34702289e-01  6.55640925e-01  1.58276603e+01]
 [ 0.00000000e+00  0.00000000e+00  0.00000000e+00  1.00000000e+00]]

[[ 9.48627385e-01  2.36242889e-02  3.15512246e-01 -7.27017610e+02]
 [ 1.72633984e-01  7.97041254e-01 -5.78725105e-01  6.00847982e+02]
 [-2.65148245e-01  6.03462619e-01  7.52016805e-01  1.06466064e+02]
 [ 0.00000000e+00  0.00000000e+00  0.00000000e+00  1.00000000e+00]]

[[ 9.83583530e-01 -1.99382249e-02  1.79348564e-01 -7.84526880e+02]
 [ 1.45831332e-01  6.73211538e-01 -7.24927202e-01  5.82305137e+02]
 [-1.06285761e-01  7.39181096e-01  6.65067398e-01 -2.54073623e+01]
 [ 0.00000000e+00  0.00000000e+00  0.00000000e+00  1.00000000e+00]]

[[ 9.48337296e-01  5.53150276e-03  3.17215661e-01 -7.25166857e+02]
 [ 1.92242403e-01  7.85371814e-01 -5.88416496e-01  5.87032134e+02]
 [-2.52387066e-01  6.18999609e-01  7.43733993e-01  9.44425601e+01]
 [ 0.00000000e+00  0.00000000e+00  0.00000000e+00  1.00000000e+00]]

[[ 9.36490840e-01  1.43952175e-02  3.50396467e-01 -7.09529231e+02]
 [ 1.97865897e-01  8.03242607e-01 -5.61827732e-01  5.87283013e+02]
 [-2.89541004e-01  5.95478037e-01  7.49381021e-01  1.23542949e+02]
 [ 0.00000000e+00  0.00000000e+00  0.00000000e+00  1.00000000e+00]]

[[ 9.45132347e-01  9.40826458e-03  3.26552188e-01 -7.20604461e+02]
 [ 1.93863267e-01  7.88406327e-01 -5.83808613e-01  5.87696066e+02]
 [-2.62948437e-01  6.15082878e-01  7.43324406e-01  1.01092344e+02]
 [ 0.00000000e+00  0.00000000e+00  0.00000000e+00  1.00000000e+00]]

[[ 9.85203886e-01 -1.50545029e-02  1.70723946e-01 -7.88047447e+02]
 [ 1.37367282e-01  6.65037210e-01 -7.34067939e-01  5.87930556e+02]
 [-1.02486749e-01  7.46658470e-01  6.57265239e-01 -3.12699705e+01]
 [ 0.00000000e+00  0.00000000e+00  0.00000000e+00  1.00000000e+00]]

[[ 9.66439089e-01 -1.32034766e-02  2.56556341e-01 -7.54461673e+02]
 [ 1.86154899e-01  7.24218918e-01 -6.63967855e-01  5.69974570e+02]
 [-1.77036272e-01  6.89443708e-01  7.02371363e-01  3.20846985e+01]
 [ 0.00000000e+00  0.00000000e+00  0.00000000e+00  1.00000000e+00]]

[[ 9.31625296e-01  3.16688160e-05  3.63420291e-01 -7.01594350e+02]
 [ 2.20913963e-01  7.93983692e-01 -5.66380541e-01  5.72632282e+02]
 [-2.88567721e-01  6.07939056e-01  7.39688296e-01  1.18311325e+02]
 [ 0.00000000e+00  0.00000000e+00  0.00000000e+00  1.00000000e+00]]

[[ 9.72780386e-01 -1.47834907e-02  2.31256935e-01 -7.62352116e+02]
 [ 1.77037897e-01  6.91330411e-01 -7.00513986e-01  5.71552935e+02]
 [-1.49518910e-01  7.22387507e-01  6.75129902e-01  4.72154725e+00]
 [ 0.00000000e+00  0.00000000e+00  0.00000000e+00  1.00000000e+00]]

[[ 9.85201876e-01 -6.92554809e-03  1.71257994e-01 -7.88148091e+02]
 [ 1.30775123e-01  6.76254481e-01 -7.24967409e-01  5.94484136e+02]
 [-1.10793189e-01  7.36635536e-01  6.67152873e-01 -2.29911853e+01]
 [ 0.00000000e+00  0.00000000e+00  0.00000000e+00  1.00000000e+00]]

[[ 9.35221560e-01  1.50114532e-03  3.54059854e-01 -7.05823055e+02]
 [ 2.16989230e-01  7.87758398e-01 -5.76500113e-01  5.74851772e+02]
 [-2.79779034e-01  6.15982510e-01  7.36402906e-01  1.10818129e+02]
 [ 0.00000000e+00  0.00000000e+00  0.00000000e+00  1.00000000e+00]]

[[ 9.73147921e-01 -1.95401134e-03  2.30172338e-01 -7.62908381e+02]
 [ 1.49315486e-01  7.66385631e-01 -6.24786323e-01  6.09540201e+02]
 [-1.75179933e-01  6.42377806e-01  7.46098348e-01  4.04089875e+01]
 [ 0.00000000e+00  0.00000000e+00  0.00000000e+00  1.00000000e+00]]

[[ 9.76146748e-01 -7.67698473e-03  2.16976013e-01 -7.67594057e+02]
 [ 1.62922736e-01  6.86461165e-01 -7.08679935e-01  5.81651962e+02]
 [-1.43505082e-01  7.27125940e-01  6.71337589e-01 -1.88018336e+00]
 [ 0.00000000e+00  0.00000000e+00  0.00000000e+00  1.00000000e+00]]

[[ 9.56946125e-01  5.50148241e-03  2.90213453e-01 -7.39396868e+02]
 [ 1.79562248e-01  7.74334268e-01 -6.06765062e-01  5.88691060e+02]
 [-2.28060329e-01  6.32752855e-01  7.40008318e-01  7.72323857e+01]
 [ 0.00000000e+00  0.00000000e+00  0.00000000e+00  1.00000000e+00]]

[[ 9.75615372e-01  1.54706842e-02  2.18941326e-01 -7.71129564e+02]
 [ 1.32554245e-01  7.53527186e-01 -6.43914708e-01  6.10269939e+02]
 [-1.74940043e-01  6.57234690e-01  7.33102001e-01  4.00613178e+01]
 [ 0.00000000e+00  0.00000000e+00  0.00000000e+00  1.00000000e+00]]

[[ 9.51304338e-01  2.86496572e-02  3.06918971e-01 -7.32359662e+02]
 [ 1.60907083e-01  8.03102845e-01 -5.73702651e-01  6.06978057e+02]
 [-2.62923883e-01  5.95151256e-01  7.59385287e-01  1.08528879e+02]
 [ 0.00000000e+00  0.00000000e+00  0.00000000e+00  1.00000000e+00]]

[[ 9.91191954e-01  2.52648528e-02  1.30000760e-01 -8.01024723e+02]
 [ 7.39186467e-02  7.08950695e-01 -7.01373613e-01  6.39797062e+02]
 [-1.09884230e-01  7.04805362e-01  7.00838681e-01 -1.40772695e+01]
 [ 0.00000000e+00  0.00000000e+00  0.00000000e+00  1.00000000e+00]]

[[ 9.52913566e-01  2.73625367e-03  3.03229698e-01 -7.31321354e+02]
 [ 1.96016381e-01  7.57407567e-01 -6.22825302e-01  5.76053612e+02]
 [-2.31372675e-01  6.52936667e-01  7.21207594e-01  7.44694503e+01]
 [ 0.00000000e+00  0.00000000e+00  0.00000000e+00  1.00000000e+00]]

[[ 9.59567601e-01 -4.53473405e-02  2.77801437e-01 -7.40106503e+02]
 [ 2.38944034e-01  6.52895598e-01 -7.18771930e-01  5.26556810e+02]
 [-1.48780940e-01  7.56089252e-01  6.37332939e-01 -5.94515816e+00]
 [ 0.00000000e+00  0.00000000e+00  0.00000000e+00  1.00000000e+00]]

[[ 9.42027972e-01 -7.43354998e-03  3.35451996e-01 -7.16848441e+02]
 [ 2.20916093e-01  7.66223601e-01 -6.03404900e-01  5.63816051e+02]
 [-2.52545796e-01  6.42531038e-01  7.23446256e-01  8.84179201e+01]
 [ 0.00000000e+00  0.00000000e+00  0.00000000e+00  1.00000000e+00]]

[[ 9.84656796e-01 -1.22896331e-02  1.74068834e-01 -7.86465160e+02]
 [ 1.32304690e-01  7.02999052e-01 -6.98775931e-01  5.99226713e+02]
 [-1.13782525e-01  7.11084593e-01  6.93838770e-01 -1.27933710e+01]
 [ 0.00000000e+00  0.00000000e+00  0.00000000e+00  1.00000000e+00]]

[[ 9.78460729e-01 -2.00693407e-02  2.05455162e-01 -7.72953124e+02]
 [ 1.68548953e-01  6.52303618e-01 -7.38979865e-01  5.67863893e+02]
 [-1.19188307e-01  7.57692029e-01  6.41636140e-01 -2.48602095e+01]
 [ 0.00000000e+00  0.00000000e+00  0.00000000e+00  1.00000000e+00]]

[[ 9.80373800e-01  1.43992534e-02  1.96621143e-01 -7.77099980e+02]
 [ 1.24332934e-01  7.28829497e-01 -6.73311879e-01  6.13726581e+02]
 [-1.52998477e-01  6.84543809e-01  7.12735042e-01  1.65779604e+01]
 [ 0.00000000e+00  0.00000000e+00  0.00000000e+00  1.00000000e+00]]

[[ 9.60689149e-01  1.25357650e-02  2.77343134e-01 -7.51938487e+02]
 [ 1.50288502e-01  8.16468022e-01 -5.57488417e-01  6.15457812e+02]
 [-2.33430344e-01  5.77254558e-01  7.82487987e-01  9.86712210e+01]
 [ 0.00000000e+00  0.00000000e+00  0.00000000e+00  1.00000000e+00]]

[[ 8.98122414e-01 -1.09748058e-01  4.25830357e-01 -7.15711900e+02]
 [ 4.16514916e-01  5.22880304e-01 -7.43714672e-01  3.28155992e+02]
 [-1.41037065e-01  8.45311511e-01  5.15322224e-01 -3.53159727e+01]
 [ 0.00000000e+00  0.00000000e+00  0.00000000e+00  1.00000000e+00]]

[[ 9.65786815e-01  5.76232607e-03  2.59273260e-01 -8.16122091e+02]
 [ 1.69477577e-01  7.42713783e-01 -6.47806751e-01  5.21015409e+02]
 [-1.96298697e-01  6.69584223e-01  7.16326594e-01  6.04277285e+01]
 [ 0.00000000e+00  0.00000000e+00  0.00000000e+00  1.00000000e+00]]

[[ 9.58712606e-01 -6.10823861e-04  2.84376100e-01 -8.03371008e+02]
 [ 1.67757023e-01  8.08681068e-01 -5.63819573e-01  5.42500673e+02]
 [-2.29625174e-01  5.88247020e-01  7.75395204e-01  1.03007855e+02]
 [ 0.00000000e+00  0.00000000e+00  0.00000000e+00  1.00000000e+00]]

[[ 9.76937310e-01  2.14710071e-02  2.12444084e-01 -7.98725101e+02]
 [ 1.13798599e-01  7.89504453e-01 -6.03102477e-01  5.99695831e+02]
 [-1.80674768e-01  6.13369151e-01  7.68852986e-01  5.87006361e+01]
 [ 0.00000000e+00  0.00000000e+00  0.00000000e+00  1.00000000e+00]]

[[ 9.48994904e-01 -2.30062603e-02  3.14450926e-01 -7.42598413e+02]
 [ 2.16530932e-01  7.72498396e-01 -5.96959450e-01  5.46302882e+02]
 [-2.29179031e-01  6.34599827e-01  7.38078607e-01  9.37138491e+01]
 [ 0.00000000e+00  0.00000000e+00  0.00000000e+00  1.00000000e+00]]

[[ 9.96545088e-01  8.20308767e-02  1.29931917e-02 -8.75396800e+02]
 [-4.80621928e-02  6.97176488e-01 -7.15286635e-01  6.78345277e+02]
 [-6.77341375e-02  7.12190902e-01  6.98710388e-01 -2.61780598e+01]
 [ 0.00000000e+00  0.00000000e+00  0.00000000e+00  1.00000000e+00]]

[[ 9.59082215e-01  2.33507646e-02  2.82163156e-01 -7.71689095e+02]
 [ 1.56111342e-01  7.87797112e-01 -5.95822926e-01  5.68353031e+02]
 [-2.36200240e-01  6.15492040e-01  7.51916880e-01  1.05910231e+02]
 [ 0.00000000e+00  0.00000000e+00  0.00000000e+00  1.00000000e+00]]

[[ 9.20535029e-01 -3.40166510e-02  3.89176218e-01 -7.22148911e+02]
 [ 2.64951776e-01  7.86434359e-01 -5.57961966e-01  5.04808461e+02]
 [-2.87081552e-01  6.16736464e-01  7.32953147e-01  1.58555671e+02]
 [ 0.00000000e+00  0.00000000e+00  0.00000000e+00  1.00000000e+00]]

[[ 9.89190643e-01 -3.64696305e-02  1.42027597e-01 -8.63010434e+02]
 [ 1.23523734e-01  7.29184434e-01 -6.73076481e-01  5.73031541e+02]
 [-7.90174625e-02  6.83344736e-01  7.25807284e-01  3.28058694e+00]
 [ 0.00000000e+00  0.00000000e+00  0.00000000e+00  1.00000000e+00]]

[[ 8.99328785e-01 -2.26226040e-01  3.74205178e-01 -7.39870857e+02]
 [ 4.36463828e-01  5.16452004e-01 -7.36733774e-01  3.24719222e+02]
 [-2.65906496e-02  8.25892915e-01  5.63199637e-01 -7.26328413e+01]
 [ 0.00000000e+00  0.00000000e+00  0.00000000e+00  1.00000000e+00]]

[[ 9.52080667e-01 -8.61237338e-02  2.93470792e-01 -7.99823057e+02]
 [ 2.47581769e-01  7.80391350e-01 -5.74188653e-01  5.04369504e+02]
 [-1.79570797e-01  6.19331933e-01  7.64318183e-01  9.34080609e+01]
 [ 0.00000000e+00  0.00000000e+00  0.00000000e+00  1.00000000e+00]]

[[ 9.49462816e-01 -9.49791759e-02  2.99164365e-01 -7.98367772e+02]
 [ 2.57651892e-01  7.80188739e-01 -5.70018451e-01  4.95870317e+02]
 [-1.79264786e-01  6.18291588e-01  7.65231762e-01  9.37306380e+01]
 [ 0.00000000e+00  0.00000000e+00  0.00000000e+00  1.00000000e+00]]

[[ 9.46837122e-01 -1.77090570e-01  2.68585916e-01 -8.00540006e+02]
 [ 3.20284593e-01  5.97475729e-01 -7.35146607e-01  4.15513666e+02]
 [-3.02860344e-02  7.82088028e-01  6.22431581e-01 -5.73722704e+01]
 [ 0.00000000e+00  0.00000000e+00  0.00000000e+00  1.00000000e+00]]

[[ 9.52091145e-01 -1.10462921e-01  2.85167309e-01 -8.04853679e+02]
 [ 2.70488164e-01  7.39246461e-01 -6.16725890e-01  4.74947949e+02]
 [-1.42683581e-01  6.64313641e-01  7.33708922e-01  5.67151402e+01]
 [ 0.00000000e+00  0.00000000e+00  0.00000000e+00  1.00000000e+00]]

[[ 9.57901147e-01 -1.20655413e-01  2.60514231e-01 -8.11127672e+02]
 [ 2.64256879e-01  7.25226444e-01 -6.35778977e-01  4.80875753e+02]
 [-1.12221635e-01  6.77856088e-01  7.26579265e-01  3.07209400e+01]
 [ 0.00000000e+00  0.00000000e+00  0.00000000e+00  1.00000000e+00]]

[[ 9.44776390e-01 -1.11303844e-01  3.08235344e-01 -7.93566068e+02]
 [ 2.84842555e-01  7.44009202e-01 -6.04412960e-01  4.66715059e+02]
 [-1.62056446e-01  6.58833637e-01  7.34626400e-01  7.17871340e+01]
 [ 0.00000000e+00  0.00000000e+00  0.00000000e+00  1.00000000e+00]]

[[ 9.67564225e-01 -1.11584286e-01  2.26646018e-01 -8.30020910e+02]
 [ 2.36007353e-01  7.19276316e-01 -6.53408074e-01  4.92142620e+02]
 [-9.01110389e-02  6.85704403e-01  7.22280743e-01  1.41091549e+01]
 [ 0.00000000e+00  0.00000000e+00  0.00000000e+00  1.00000000e+00]]

[[ 9.24795865e-01 -1.23557415e-01  3.59841873e-01 -7.64731729e+02]
 [ 3.29382350e-01  7.33376665e-01 -5.94698188e-01  4.36935311e+02]
 [-1.90420263e-01  6.68499986e-01  7.18921339e-01  8.91313306e+01]
 [ 0.00000000e+00  0.00000000e+00  0.00000000e+00  1.00000000e+00]]

[[ 9.80766941e-01 -1.06763221e-01  1.63394680e-01 -8.60148378e+02]
 [ 1.91329569e-01  6.91394807e-01 -6.96682293e-01  5.09986376e+02]
 [-3.85901872e-02  7.14545195e-01  6.98524131e-01 -3.01416864e+01]
 [ 0.00000000e+00  0.00000000e+00  0.00000000e+00  1.00000000e+00]]

[[ 9.60126183e-01 -1.03893251e-01  2.59545575e-01 -8.15941673e+02]
 [ 2.48961204e-01  7.40097769e-01 -6.24718826e-01  4.90777353e+02]
 [-1.27185031e-01  6.64425680e-01  7.36452635e-01  4.58672942e+01]
 [ 0.00000000e+00  0.00000000e+00  0.00000000e+00  1.00000000e+00]]

[[ 9.50313822e-01 -9.35511423e-02  2.96903726e-01 -7.99144188e+02]
 [ 2.55098226e-01  7.80654382e-01 -5.70529254e-01  4.98580342e+02]
 [-1.78405531e-01  6.17921451e-01  7.65731381e-01  9.27245831e+01]
 [ 0.00000000e+00  0.00000000e+00  0.00000000e+00  1.00000000e+00]]

[[ 9.36897696e-01 -1.05323604e-01  3.33361135e-01 -7.82009858e+02]
 [ 2.88468163e-01  7.71593928e-01 -5.66947025e-01  4.71898608e+02]
 [-1.97506524e-01  6.27335435e-01  7.53287080e-01  1.04682264e+02]
 [ 0.00000000e+00  0.00000000e+00  0.00000000e+00  1.00000000e+00]]

[[ 9.46586014e-01 -1.15228906e-01  3.01159788e-01 -7.73712688e+02]
 [ 2.75746533e-01  7.73410911e-01 -5.70788414e-01  4.66790437e+02]
 [-1.67148942e-01  6.23344096e-01  7.63873922e-01  9.13722408e+01]
 [ 0.00000000e+00  0.00000000e+00  0.00000000e+00  1.00000000e+00]]

[[ 9.77638717e-01 -1.03880197e-01  1.82842673e-01 -8.24757435e+02]
 [ 1.89737216e-01  8.10646232e-01 -5.53942664e-01  5.04057864e+02]
 [-9.06770509e-02  5.76247855e-01  8.12229082e-01  6.86708555e+01]
 [ 0.00000000e+00  0.00000000e+00  0.00000000e+00  1.00000000e+00]]

[[ 9.54046423e-01 -1.31969315e-01  2.69034427e-01 -7.78556165e+02]
 [ 2.61069125e-01  8.06775699e-01 -5.30052717e-01  4.51985380e+02]
 [-1.47099745e-01  5.75931481e-01  8.04154583e-01  1.07791601e+02]
 [ 0.00000000e+00  0.00000000e+00  0.00000000e+00  1.00000000e+00]]

[[ 9.69996434e-01 -1.27154722e-01  2.07216301e-01 -7.86095168e+02]
 [ 2.18785038e-01  8.28223309e-01 -5.15925632e-01  4.93357718e+02]
 [-1.06018990e-01  5.45781850e-01  8.31193206e-01  9.24077393e+01]
 [ 0.00000000e+00  0.00000000e+00  0.00000000e+00  1.00000000e+00]]

[[ 9.71547452e-01 -1.39578435e-01  1.91346308e-01 -7.90266078e+02]
 [ 2.27162513e-01  7.77786980e-01 -5.86041472e-01  4.69728114e+02]
 [-6.70279153e-02  6.12833807e-01  7.87363946e-01  5.55912956e+01]
 [ 0.00000000e+00  0.00000000e+00  0.00000000e+00  1.00000000e+00]]

[[ 9.75381250e-01 -1.49607791e-01  1.62015201e-01 -8.10060679e+02]
 [ 2.19275309e-01  7.36075961e-01 -6.40398718e-01  4.69928085e+02]
 [-2.34468567e-02  6.60158836e-01  7.50759986e-01 -1.61682014e+00]
 [ 0.00000000e+00  0.00000000e+00  0.00000000e+00  1.00000000e+00]]

[[ 9.92574740e-01 -1.01757963e-01  6.66386011e-02 -8.62360704e+02]
 [ 1.19874365e-01  7.25426291e-01 -6.77780815e-01  5.18714351e+02]
 [ 2.06282017e-02  6.80736376e-01  7.32237983e-01 -3.75000301e+01]
 [ 0.00000000e+00  0.00000000e+00  0.00000000e+00  1.00000000e+00]]

[[ 9.77817049e-01 -1.05928801e-01  1.80701159e-01 -8.12572689e+02]
 [ 1.93840119e-01  7.84528844e-01 -5.89016554e-01  4.97889902e+02]
 [-7.93714537e-02  6.10977563e-01  7.87658930e-01  5.29054540e+01]
 [ 0.00000000e+00  0.00000000e+00  0.00000000e+00  1.00000000e+00]]

[[ 9.61325181e-01 -1.46596374e-01  2.33159600e-01 -7.86664292e+02]
 [ 2.58148765e-01  7.74645627e-01 -5.77306995e-01  4.50040680e+02]
 [-9.59849523e-02  6.15169615e-01  7.82530021e-01  6.47873563e+01]
 [ 0.00000000e+00  0.00000000e+00  0.00000000e+00  1.00000000e+00]]

[[ 9.70844719e-01 -1.15874126e-01  2.09842129e-01 -8.00822873e+02]
 [ 2.16327750e-01  8.00627294e-01 -5.58747027e-01  4.86710346e+02]
 [-1.03261012e-01  5.87851276e-01  8.02351569e-01  7.62807982e+01]
 [ 0.00000000e+00  0.00000000e+00  0.00000000e+00  1.00000000e+00]]

[[ 9.27361213e-01 -2.49279054e-01  2.79036078e-01 -7.48241271e+02]
 [ 3.73279363e-01  5.65016793e-01 -7.35811484e-01  3.16296207e+02]
 [ 2.57623207e-02  7.86521441e-01  6.17025385e-01 -7.39933712e+01]
 [ 0.00000000e+00  0.00000000e+00  0.00000000e+00  1.00000000e+00]]

[[ 9.60643368e-01 -1.43856555e-01  2.37633353e-01 -7.83502976e+02]
 [ 2.57412000e-01  7.82570375e-01 -5.66853306e-01  4.55868561e+02]
 [-1.04419258e-01  6.05713546e-01  7.88801444e-01  7.17139091e+01]
 [ 0.00000000e+00  0.00000000e+00  0.00000000e+00  1.00000000e+00]]

[[ 9.71868490e-01 -1.45309883e-01  1.85355542e-01 -8.06985981e+02]
 [ 2.29783711e-01  7.57687787e-01 -6.10826215e-01  4.63601233e+02]
 [-5.16825449e-02  6.36234435e-01  7.69762729e-01  2.69936648e+01]
 [ 0.00000000e+00  0.00000000e+00  0.00000000e+00  1.00000000e+00]]

[[ 9.79536473e-01 -1.65384658e-01  1.14700537e-01 -8.33165787e+02]
 [ 1.98175847e-01  6.93050022e-01 -6.93114710e-01  4.64866306e+02]
 [ 3.51373295e-02  7.01662014e-01  7.11643018e-01 -5.64718602e+01]
 [ 0.00000000e+00  0.00000000e+00  0.00000000e+00  1.00000000e+00]]

[[ 9.68423622e-01 -1.12111865e-01  2.22680527e-01 -7.95735119e+02]
 [ 2.18939422e-01  8.09675004e-01 -5.44510713e-01  4.87653022e+02]
 [-1.19252745e-01  5.76070583e-01  8.08654108e-01  9.12274573e+01]
 [ 0.00000000e+00  0.00000000e+00  0.00000000e+00  1.00000000e+00]]

[[ 9.63064601e-01 -1.10688006e-01  2.45468411e-01 -7.83355441e+02]
 [ 2.26883445e-01  8.24521950e-01 -5.18350707e-01  4.90025720e+02]
 [-1.45018887e-01  5.54897936e-01  8.19181179e-01  1.13131632e+02]
 [ 0.00000000e+00  0.00000000e+00  0.00000000e+00  1.00000000e+00]]

[[ 9.68667684e-01 -1.17275518e-01  2.18927774e-01 -7.97985082e+02]
 [ 2.19465640e-01  8.16844361e-01 -5.33479261e-01  4.88492233e+02]
 [-1.16265861e-01  5.64811245e-01  8.16988683e-01  9.21788599e+01]
 [ 0.00000000e+00  0.00000000e+00  0.00000000e+00  1.00000000e+00]]

[[ 9.56742502e-01 -1.47530902e-01  2.50755694e-01 -7.76948312e+02]
 [ 2.67959659e-01  7.82548630e-01 -5.61974433e-01  4.49420173e+02]
 [-1.13319930e-01  6.04857235e-01  7.88229864e-01  7.84764377e+01]
 [ 0.00000000e+00  0.00000000e+00  0.00000000e+00  1.00000000e+00]]

[[ 9.79310367e-01 -1.44548965e-01  1.41622038e-01 -8.27352519e+02]
 [ 2.01915412e-01  7.44546707e-01 -6.36302104e-01  4.73573765e+02]
 [-1.34674116e-02  6.51732919e-01  7.58328973e-01 -3.48557928e+00]
 [ 0.00000000e+00  0.00000000e+00  0.00000000e+00  1.00000000e+00]]

[[ 9.77531575e-01 -1.74237659e-01  1.18630761e-01 -8.34032893e+02]
 [ 2.07530840e-01  6.96965331e-01 -6.86418443e-01  4.53715266e+02]
 [ 3.69184149e-02  6.95615243e-01  7.17465305e-01 -5.39727892e+01]
 [ 0.00000000e+00  0.00000000e+00  0.00000000e+00  1.00000000e+00]]

[[ 9.65976132e-01 -1.98139769e-01  1.66224983e-01 -8.10923294e+02]
 [ 2.56957804e-01  6.62260527e-01 -7.03834982e-01  4.13118295e+02]
 [ 2.93734557e-02  7.22600600e-01  6.90641422e-01 -5.71349645e+01]
 [ 0.00000000e+00  0.00000000e+00  0.00000000e+00  1.00000000e+00]]

[[ 9.83479738e-01 -1.01650515e-01  1.49782435e-01 -8.04081455e+02]
 [ 1.66724887e-01  8.30928283e-01 -5.30811644e-01  5.17650619e+02]
 [-7.05011844e-02  5.47014956e-01  8.34148800e-01  7.39861695e+01]
 [ 0.00000000e+00  0.00000000e+00  0.00000000e+00  1.00000000e+00]]

[[ 9.80143612e-01 -1.74244310e-01  9.46436443e-02 -8.08889656e+02]
 [ 1.97731894e-01  8.23119849e-01 -5.32330547e-01  4.74656433e+02]
 [ 1.48525065e-02  5.40474453e-01  8.41229320e-01  3.81596429e+01]
 [ 0.00000000e+00  0.00000000e+00  0.00000000e+00  1.00000000e+00]]

[[ 9.79715932e-01 -1.99191940e-01  2.18921061e-02 -8.32449464e+02]
 [ 1.63960954e-01  7.34000293e-01 -6.59060221e-01  4.63432884e+02]
 [ 1.15210672e-01  6.49281249e-01  7.51771481e-01 -7.03498751e+01]
 [ 0.00000000e+00  0.00000000e+00  0.00000000e+00  1.00000000e+00]]

[[ 9.80157721e-01 -1.57263238e-01  1.20661160e-01 -8.07457199e+02]
 [ 1.97814922e-01  8.14909181e-01 -5.44786457e-01  4.66985822e+02]
 [-1.26530046e-02  5.57845230e-01  8.29848541e-01  5.13875489e+01]
 [ 0.00000000e+00  0.00000000e+00  0.00000000e+00  1.00000000e+00]]

[[ 9.75999914e-01 -1.91442585e-01  1.03797420e-01 -8.03057383e+02]
 [ 2.15105904e-01  7.73163209e-01 -5.96613864e-01  4.38412713e+02]
 [ 3.39649539e-02  6.04622518e-01  7.95787655e-01  3.60224725e+00]
 [ 0.00000000e+00  0.00000000e+00  0.00000000e+00  1.00000000e+00]]

[[ 9.93047015e-01 -1.17440716e-01  8.08114161e-03 -8.24776469e+02]
 [ 1.04236721e-01  8.45344104e-01 -5.23954246e-01  5.49420298e+02]
 [ 5.47022162e-02  5.21153551e-01  8.51708074e-01  2.41617504e+01]
 [ 0.00000000e+00  0.00000000e+00  0.00000000e+00  1.00000000e+00]]

[[ 9.40485971e-01 -3.26598399e-01  9.39128543e-02 -7.61361359e+02]
 [ 2.65021348e-01  5.31900466e-01 -8.04267107e-01  3.26642798e+02]
 [ 2.12720058e-01  7.81290842e-01  5.86800474e-01 -1.50522604e+02]
 [ 0.00000000e+00  0.00000000e+00  0.00000000e+00  1.00000000e+00]]

[[ 9.74313419e-01 -2.24452929e-01 -1.82823452e-02 -8.18998854e+02]
 [ 1.54941649e-01  7.27057356e-01 -6.68865223e-01  4.61288079e+02]
 [ 1.63421072e-01  6.48851666e-01  7.43158845e-01 -7.10627495e+01]
 [ 0.00000000e+00  0.00000000e+00  0.00000000e+00  1.00000000e+00]]

[[ 9.82654047e-01 -1.70650815e-01  7.25901068e-02 -7.95265602e+02]
 [ 1.83031916e-01  8.29482866e-01 -5.27690717e-01  4.88930539e+02]
 [ 2.98386013e-02  5.31823725e-01  8.46329241e-01  6.02558708e+01]
 [ 0.00000000e+00  0.00000000e+00  0.00000000e+00  1.00000000e+00]]

[[ 9.84807704e-01 -1.56551137e-01  7.51367272e-02 -7.94538021e+02]
 [ 1.71769541e-01  8.14757534e-01 -5.53773768e-01  4.93276695e+02]
 [ 2.54756987e-02  5.58266874e-01  8.29270213e-01  5.35372416e+01]
 [ 0.00000000e+00  0.00000000e+00  0.00000000e+00  1.00000000e+00]]

[[ 9.94983638e-01 -9.03045168e-02 -4.30424716e-02 -8.47131231e+02]
 [ 4.96896454e-02  8.19563643e-01 -5.70829549e-01  5.79877799e+02]
 [ 8.68245315e-02  5.65827296e-01  8.19939615e-01 -6.88712742e+00]
 [ 0.00000000e+00  0.00000000e+00  0.00000000e+00  1.00000000e+00]]

[[ 9.83323188e-01 -1.74990066e-01 -4.95377164e-02 -8.21059468e+02]
 [ 1.07627365e-01  7.79486517e-01 -6.17103817e-01  5.30488927e+02]
 [ 1.46601020e-01  6.01480878e-01  7.85320886e-01 -5.42249718e+01]
 [ 0.00000000e+00  0.00000000e+00  0.00000000e+00  1.00000000e+00]]

[[ 9.79279462e-01 -1.94949284e-01 -5.48316669e-02 -8.01713478e+02]
 [ 1.25778655e-01  7.97702526e-01 -5.89788445e-01  5.40106306e+02]
 [ 1.58718195e-01  5.70671058e-01  8.05694160e-01 -4.30662665e+01]
 [ 0.00000000e+00  0.00000000e+00  0.00000000e+00  1.00000000e+00]]

[[ 9.81803964e-01 -1.71923084e-01  8.06438426e-02 -7.67757835e+02]
 [ 1.87727831e-01  8.14710626e-01 -5.48639095e-01  4.98644903e+02]
 [ 2.86223300e-02  5.53795132e-01  8.32160870e-01  5.99998953e+01]
 [ 0.00000000e+00  0.00000000e+00  0.00000000e+00  1.00000000e+00]]

[[ 9.87494484e-01 -1.50965956e-01 -4.54304343e-02 -8.14107125e+02]
 [ 9.87310506e-02  8.16848502e-01 -5.68340307e-01  5.56419012e+02]
 [ 1.22909820e-01  5.56747524e-01  8.21538417e-01 -1.38752906e+01]
 [ 0.00000000e+00  0.00000000e+00  0.00000000e+00  1.00000000e+00]]

[[ 9.72734319e-01 -2.31890955e-01 -3.81185742e-03 -7.87591170e+02]
 [ 1.74365160e-01  7.42065209e-01 -6.47252668e-01  4.87020614e+02]
 [ 1.52920686e-01  6.28940228e-01  7.62265999e-01 -4.83572795e+01]
 [ 0.00000000e+00  0.00000000e+00  0.00000000e+00  1.00000000e+00]]

[[ 9.64831631e-01 -2.60729956e-01 -3.34636175e-02 -8.06095274e+02]
 [ 1.70857483e-01  7.18756047e-01 -6.73941738e-01  5.15644689e+02]
 [ 1.99768977e-01  6.44522796e-01  7.38026233e-01 -7.16855861e+01]
 [ 0.00000000e+00  0.00000000e+00  0.00000000e+00  1.00000000e+00]]

[[ 9.71554986e-01 -2.36813664e-01 -4.44780358e-04 -8.03811854e+02]
 [ 1.83014802e-01  7.52028331e-01 -6.33213212e-01  5.12021217e+02]
 [ 1.50288028e-01  6.15120052e-01  7.73977280e-01 -3.45987141e+01]
 [ 0.00000000e+00  0.00000000e+00  0.00000000e+00  1.00000000e+00]]

[[ 9.86186615e-01 -1.61119881e-01  3.84232228e-02 -7.98267711e+02]
 [ 1.55653087e-01  8.22136221e-01 -5.47598531e-01  5.34010796e+02]
 [ 5.66398871e-02  5.46015035e-01  8.35858543e-01  4.11955134e+01]
 [ 0.00000000e+00  0.00000000e+00  0.00000000e+00  1.00000000e+00]]

[[ 9.59642744e-01 -2.81219544e-01  1.17153266e-03 -7.92646183e+02]
 [ 1.94082765e-01  6.59268133e-01 -7.26427841e-01  4.11338606e+02]
 [ 2.03513352e-01  6.97338581e-01  6.87241747e-01 -1.11190069e+02]
 [ 0.00000000e+00  0.00000000e+00  0.00000000e+00  1.00000000e+00]]

[[ 9.70742912e-01 -1.72873545e-01 -1.66652141e-01 -8.46531617e+02]
 [ 2.09792088e-02  7.52439963e-01 -6.58326648e-01  5.34483122e+02]
 [ 2.39202992e-01  6.35569697e-01  7.34052511e-01 -1.24265387e+02]
 [ 0.00000000e+00  0.00000000e+00  0.00000000e+00  1.00000000e+00]]

[[ 9.98224472e-01 -4.90633839e-02 -3.37740609e-02 -8.11430058e+02]
 [ 2.84059828e-02  8.90510908e-01 -4.54074249e-01  5.95830534e+02]
 [ 5.23545888e-02  4.52308642e-01  8.90323474e-01  6.15831938e+01]
 [ 0.00000000e+00  0.00000000e+00  0.00000000e+00  1.00000000e+00]]

[[ 9.86585642e-01 -1.54701612e-01 -5.21170140e-02 -8.16308077e+02]
 [ 9.12521058e-02  7.87351155e-01 -6.09714042e-01  4.99674105e+02]
 [ 1.35358136e-01  5.96779332e-01  7.90906192e-01 -2.30566304e+01]
 [ 0.00000000e+00  0.00000000e+00  0.00000000e+00  1.00000000e+00]]

[[ 9.84088400e-01 -1.76310209e-01 -2.20166163e-02 -8.05602962e+02]
 [ 1.33660235e-01  8.16221881e-01 -5.62064750e-01  5.36355785e+02]
 [ 1.17068197e-01  5.50178654e-01  8.26800149e-01 -2.09266347e+00]
 [ 0.00000000e+00  0.00000000e+00  0.00000000e+00  1.00000000e+00]]

[[ 9.72614400e-01 -2.09849849e-01  9.99213212e-02 -7.68811724e+02]
 [ 2.29514913e-01  7.99339819e-01 -5.55318610e-01  4.64940628e+02]
 [ 3.66624356e-02  5.63044310e-01  8.25613088e-01  5.33309944e+01]
 [ 0.00000000e+00  0.00000000e+00  0.00000000e+00  1.00000000e+00]]

[[ 9.84705380e-01 -1.00842608e-01 -1.42077733e-01 -8.31540686e+02]
 [ 6.40494031e-03  8.35872291e-01 -5.48886591e-01  6.17337891e+02]
 [ 1.74109996e-01  5.39581580e-01  8.23733833e-01 -4.32245476e+01]
 [ 0.00000000e+00  0.00000000e+00  0.00000000e+00  1.00000000e+00]]

[[ 9.81551859e-01 -1.89739734e-01 -2.35538151e-02 -7.93431572e+02]
 [ 1.39775107e-01  7.96159774e-01 -5.88721100e-01  5.04944679e+02]
 [ 1.30456385e-01  5.74568053e-01  8.07992998e-01 -1.89021783e+00]
 [ 0.00000000e+00  0.00000000e+00  0.00000000e+00  1.00000000e+00]]

[[ 9.55040971e-01 -2.22822685e-01 -1.95567877e-01 -8.55274797e+02]
 [ 3.24102354e-02  7.34160527e-01 -6.78201959e-01  5.45766306e+02]
 [ 2.94696997e-01  6.41372256e-01  7.08375119e-01 -1.64874715e+02]
 [ 0.00000000e+00  0.00000000e+00  0.00000000e+00  1.00000000e+00]]

[[ 9.76733200e-01 -1.90972921e-01 -9.75786833e-02 -8.48051204e+02]
 [ 9.27682763e-02  7.86467012e-01 -6.10625651e-01  5.19105434e+02]
 [ 1.93355379e-01  5.87366140e-01  7.85884670e-01 -9.08790758e+01]
 [ 0.00000000e+00  0.00000000e+00  0.00000000e+00  1.00000000e+00]]

[[ 9.93125087e-01 -1.12725239e-01 -3.15528516e-02 -8.30055251e+02]
 [ 8.52072741e-02  8.80968791e-01 -4.65439265e-01  5.73604798e+02]
 [ 8.02638299e-02  4.59550878e-01  8.84517218e-01  9.09090208e+00]
 [ 0.00000000e+00  0.00000000e+00  0.00000000e+00  1.00000000e+00]]

[[ 9.90929132e-01 -1.32457454e-01 -2.26820949e-02 -8.16311076e+02]
 [ 1.06500173e-01  8.76979309e-01 -4.68577641e-01  5.32467884e+02]
 [ 8.19583291e-02  4.61911588e-01  8.83131087e-01  1.50076145e+01]
 [ 0.00000000e+00  0.00000000e+00  0.00000000e+00  1.00000000e+00]]

[[ 9.83107377e-01 -1.22987081e-01 -1.35550959e-01 -8.41116002e+02]
 [ 3.10756971e-02  8.42002680e-01 -5.38577560e-01  5.64645579e+02]
 [ 1.80372353e-01  5.25267232e-01  8.31600955e-01 -5.93965815e+01]
 [ 0.00000000e+00  0.00000000e+00  0.00000000e+00  1.00000000e+00]]

[[ 9.70895784e-01 -1.70710283e-01 -1.67986239e-01 -8.60388012e+02]
 [ 2.84000108e-02  7.78508334e-01 -6.26991399e-01  5.46250828e+02]
 [ 2.37812566e-01  6.03972494e-01  7.60698633e-01 -1.16778770e+02]
 [ 0.00000000e+00  0.00000000e+00  0.00000000e+00  1.00000000e+00]]

[[ 9.81453957e-01 -1.60342699e-01 -1.05063550e-01 -8.25660141e+02]
 [ 7.04900614e-02  8.11534053e-01 -5.80037613e-01  5.64590223e+02]
 [ 1.78267445e-01  5.61874274e-01  8.07785874e-01 -5.51807003e+01]
 [ 0.00000000e+00  0.00000000e+00  0.00000000e+00  1.00000000e+00]]

[[ 9.76525181e-01 -2.12350444e-01 -3.61366770e-02 -7.95333807e+02]
 [ 1.48760742e-01  7.86174832e-01 -5.99832790e-01  5.04397650e+02]
 [ 1.55784505e-01  5.80376105e-01  7.99308930e-01 -3.85306430e+01]
 [ 0.00000000e+00  0.00000000e+00  0.00000000e+00  1.00000000e+00]]

[[ 9.58769214e-01 -2.82289460e-01 -3.27758215e-02 -7.88668644e+02]
 [ 1.65232855e-01  6.47567198e-01 -7.43878235e-01  4.28181738e+02]
 [ 2.31213532e-01  7.07791908e-01  6.67510987e-01 -1.26812396e+02]
 [ 0.00000000e+00  0.00000000e+00  0.00000000e+00  1.00000000e+00]]

[[ 9.86039748e-01 -1.58864679e-01 -4.98761292e-02 -8.06649608e+02]
 [ 1.08379664e-01  8.39735170e-01 -5.32070195e-01  5.56503345e+02]
 [ 1.26409901e-01  5.19236803e-01  8.45229957e-01 -2.73968644e+00]
 [ 0.00000000e+00  0.00000000e+00  0.00000000e+00  1.00000000e+00]]

[[ 9.66544657e-01 -2.17324696e-01 -1.36240238e-01 -8.21504282e+02]
 [ 8.20151172e-02  7.65121784e-01 -6.38640882e-01  5.39887583e+02]
 [ 2.43032809e-01  6.06101173e-01  7.57348283e-01 -1.16070646e+02]
 [ 0.00000000e+00  0.00000000e+00  0.00000000e+00  1.00000000e+00]]

[[ 9.94734932e-01 -9.48060020e-02  3.89132009e-02 -7.84593756e+02]
 [ 1.02334779e-01  9.39215907e-01 -3.27721028e-01  6.23530443e+02]
 [-5.47797683e-03  3.29977729e-01  9.43972823e-01  1.26323796e+02]
 [ 0.00000000e+00  0.00000000e+00  0.00000000e+00  1.00000000e+00]]

[[ 9.56617314e-01 -2.43804435e-01  1.59507719e-01 -7.18054539e+02]
 [ 2.88838015e-01  7.21917247e-01 -6.28814829e-01  3.82919282e+02]
 [ 3.81564711e-02  6.47607045e-01  7.61018527e-01  4.26894421e+01]
 [ 0.00000000e+00  0.00000000e+00  0.00000000e+00  1.00000000e+00]]

[[ 9.80837383e-01 -1.87769506e-01 -5.19676949e-02 -7.99426446e+02]
 [ 1.21078038e-01  7.96440546e-01 -5.92471573e-01  5.29893568e+02]
 [ 1.52637274e-01  5.74826120e-01  8.03913425e-01 -3.62400443e+01]
 [ 0.00000000e+00  0.00000000e+00  0.00000000e+00  1.00000000e+00]]

[[ 9.54460049e-01 -1.91973497e-01 -2.28368543e-01 -8.48203128e+02]
 [ 1.09800582e-03  7.67722439e-01 -6.40781594e-01  5.90135382e+02]
 [ 2.98336738e-01  6.11349681e-01  7.32971185e-01 -1.59426099e+02]
 [ 0.00000000e+00  0.00000000e+00  0.00000000e+00  1.00000000e+00]]

[[ 9.69250086e-01 -2.28225229e-01 -9.20191099e-02 -8.09415331e+02]
 [ 1.03798635e-01  7.18228819e-01 -6.88021226e-01  5.02398433e+02]
 [ 2.23114578e-01  6.57313174e-01  7.19832811e-01 -1.09428361e+02]
 [ 0.00000000e+00  0.00000000e+00  0.00000000e+00  1.00000000e+00]]

[[ 9.85793885e-01 -1.67311718e-01 -1.47379195e-02 -7.92774083e+02]
 [ 1.29777818e-01  8.14460332e-01 -5.65519306e-01  5.30873112e+02]
 [ 1.06621457e-01  5.55572818e-01  8.24603364e-01  4.51818532e+00]
 [ 0.00000000e+00  0.00000000e+00  0.00000000e+00  1.00000000e+00]]

[[ 9.70120346e-01 -1.96692333e-01 -1.42051544e-01 -8.27013202e+02]
 [ 6.21169697e-02  7.67317822e-01 -6.38251395e-01  5.51758293e+02]
 [ 2.34537837e-01  6.10356852e-01  7.56608562e-01 -1.08175398e+02]
 [ 0.00000000e+00  0.00000000e+00  0.00000000e+00  1.00000000e+00]]

[[ 9.58884238e-01 -2.38030254e-01 -1.54540014e-01 -8.27139530e+02]
 [ 6.91040356e-02  7.23985757e-01 -6.86344852e-01  5.25232280e+02]
 [ 2.75255608e-01  6.47445922e-01  7.10667382e-01 -1.49919262e+02]
 [ 0.00000000e+00  0.00000000e+00  0.00000000e+00  1.00000000e+00]]

[[ 9.85944881e-01 -1.62472176e-01 -3.89292134e-02 -8.01028041e+02]
 [ 1.18049892e-01  8.42362887e-01 -5.25822203e-01  5.54399222e+02]
 [ 1.18224002e-01  5.13836120e-01  8.49703200e-01  2.33645654e+00]
 [ 0.00000000e+00  0.00000000e+00  0.00000000e+00  1.00000000e+00]]

[[ 9.80450580e-01 -1.82646549e-01 -7.31908334e-02 -8.07517467e+02]
 [ 1.09552318e-01  8.15695620e-01 -5.68013156e-01  5.46420500e+02]
 [ 1.63447085e-01  5.48890603e-01  8.19758597e-01 -3.86326406e+01]
 [ 0.00000000e+00  0.00000000e+00  0.00000000e+00  1.00000000e+00]]

[[ 9.87509620e-01 -1.48712763e-01 -5.20506000e-02 -8.06115767e+02]
 [ 9.87402925e-02  8.41553014e-01 -5.31073328e-01  5.65385368e+02]
 [ 1.22780721e-01  5.19300529e-01  8.45725638e-01 -1.52262129e+00]
 [ 0.00000000e+00  0.00000000e+00  0.00000000e+00  1.00000000e+00]]

[[ 9.67229749e-01 -2.41910181e-01  7.71108143e-02 -7.50983330e+02]
 [ 2.34400001e-01  7.34031508e-01 -6.37380878e-01  4.25021751e+02]
 [ 9.75871566e-02  6.34568522e-01  7.66680858e-01 -2.43258770e+00]
 [ 0.00000000e+00  0.00000000e+00  0.00000000e+00  1.00000000e+00]]

[[ 9.75296504e-01 -2.04805901e-01 -8.27724140e-02 -8.09615470e+02]
 [ 1.13448056e-01  7.85907589e-01 -6.07847678e-01  5.26597694e+02]
 [ 1.89542260e-01  5.83441346e-01  7.89727755e-01 -6.61646809e+01]
 [ 0.00000000e+00  0.00000000e+00  0.00000000e+00  1.00000000e+00]]

[[ 9.58852041e-01 -2.76510388e-01 -6.43798772e-02 -7.97706534e+02]
 [ 1.41471995e-01  6.61959396e-01 -7.36067547e-01  4.51611325e+02]
 [ 2.46147188e-01  6.96671920e-01  6.73839594e-01 -1.38300501e+02]
 [ 0.00000000e+00  0.00000000e+00  0.00000000e+00  1.00000000e+00]]

[[ 9.86792291e-01 -1.45792596e-01 -7.06080337e-02 -8.09988966e+02]
 [ 8.52824603e-02  8.38145198e-01 -5.38738832e-01  5.73635528e+02]
 [ 1.37723917e-01  5.25601699e-01  8.39508771e-01 -1.33323439e+01]
 [ 0.00000000e+00  0.00000000e+00  0.00000000e+00  1.00000000e+00]]

[[ 9.85306431e-01 -1.57087328e-01 -6.70433364e-02 -8.12795266e+02]
 [ 9.11647721e-02  8.15650041e-01 -5.71317771e-01  5.54011784e+02]
 [ 1.44430682e-01  5.56811083e-01  8.17986061e-01 -2.29045403e+01]
 [ 0.00000000e+00  0.00000000e+00  0.00000000e+00  1.00000000e+00]]

[[ 9.85229507e-01 -1.62426048e-01 -5.42272749e-02 -8.02438218e+02]
 [ 1.04015305e-01  8.19214631e-01 -5.63975358e-01  5.52401453e+02]
 [ 1.36028065e-01  5.50004698e-01  8.24009222e-01 -1.79921127e+01]
 [ 0.00000000e+00  0.00000000e+00  0.00000000e+00  1.00000000e+00]]

[[ 9.30442708e-01 -1.83630164e-01 -3.17106181e-01 -8.62677965e+02]
 [-8.27518052e-02  7.37725130e-01 -6.70010277e-01  6.36465273e+02]
 [ 3.56971295e-01  6.49647286e-01  6.71215240e-01 -2.19152750e+02]
 [ 0.00000000e+00  0.00000000e+00  0.00000000e+00  1.00000000e+00]]

[[ 9.86812748e-01 -1.58735881e-01 -3.16783896e-02 -7.97332675e+02]
 [ 1.17430818e-01  8.36764476e-01 -5.34822602e-01  5.53308684e+02]
 [ 1.11402888e-01  5.24049742e-01  8.44370336e-01  5.13690426e+00]
 [ 0.00000000e+00  0.00000000e+00  0.00000000e+00  1.00000000e+00]]

[[ 9.78641899e-01 -1.90763311e-01 -7.66119627e-02 -8.03752555e+02]
 [ 1.07755751e-01  7.93399682e-01 -5.99087342e-01  5.40228711e+02]
 [ 1.75067792e-01  5.78036594e-01  7.97010015e-01 -5.53284932e+01]
 [ 0.00000000e+00  0.00000000e+00  0.00000000e+00  1.00000000e+00]]

