[[-8.39481355e-01 -6.27643690e-02  5.39751507e-01 -6.07331434e+02]
 [ 3.67967354e-01  6.65238192e-01  6.49660045e-01  2.01702205e+02]
 [-3.99838819e-01  7.43988429e-01 -5.35359819e-01  2.09523782e+02]
 [ 0.00000000e+00  0.00000000e+00  0.00000000e+00  1.00000000e+00]]

[[-8.63978494e-01 -4.39220109e-02  5.01609429e-01 -5.76457653e+02]
 [ 3.34838049e-01  6.93896261e-01  6.37488400e-01  2.06767952e+02]
 [-3.76064680e-01  7.18734190e-01 -5.84804686e-01  2.56977874e+02]
 [ 0.00000000e+00  0.00000000e+00  0.00000000e+00  1.00000000e+00]]

[[-8.54119786e-01 -7.64377283e-02  5.14428483e-01 -5.85215367e+02]
 [ 3.54978866e-01  6.37217843e-01  6.84063905e-01  1.70934177e+02]
 [-3.80091300e-01  7.66883755e-01 -5.17126590e-01  1.93538920e+02]
 [ 0.00000000e+00  0.00000000e+00  0.00000000e+00  1.00000000e+00]]

[[-8.89689484e-01 -2.59514478e-02  4.55827976e-01 -5.35023449e+02]
 [ 3.07603382e-01  7.03709782e-01  6.40447267e-01  2.07793196e+02]
 [-3.37391140e-01  7.10013426e-01 -6.18100440e-01  2.82720980e+02]
 [ 0.00000000e+00  0.00000000e+00  0.00000000e+00  1.00000000e+00]]

[[-8.88757502e-01 -3.99793846e-02  4.56630870e-01 -5.35719320e+02]
 [ 3.07784024e-01  6.86163627e-01  6.59127053e-01  1.91986605e+02]
 [-3.39674988e-01  7.26347800e-01 -5.97528055e-01  2.64256544e+02]
 [ 0.00000000e+00  0.00000000e+00  0.00000000e+00  1.00000000e+00]]

[[-8.59174654e-01 -6.83709583e-02  5.07094002e-01 -5.79332516e+02]
 [ 3.52447326e-01  6.39373378e-01  6.83361227e-01  1.70237151e+02]
 [-3.70944467e-01  7.65850570e-01 -5.25236239e-01  2.01626237e+02]
 [ 0.00000000e+00  0.00000000e+00  0.00000000e+00  1.00000000e+00]]

[[-8.94232099e-01 -3.72760127e-02  4.46048710e-01 -5.25866644e+02]
 [ 2.99784756e-01  6.90125337e-01  6.58677553e-01  1.93514266e+02]
 [-3.32382389e-01  7.22729215e-01 -6.05957449e-01  2.70894089e+02]
 [ 0.00000000e+00  0.00000000e+00  0.00000000e+00  1.00000000e+00]]

[[-9.05095303e-01 -2.42607088e-02  4.24516089e-01 -5.06694055e+02]
 [ 2.84616331e-01  7.07164604e-01  6.47233936e-01  2.03955416e+02]
 [-3.15905106e-01  7.06632607e-01 -6.33146368e-01  2.94172184e+02]
 [ 0.00000000e+00  0.00000000e+00  0.00000000e+00  1.00000000e+00]]

[[-8.71362516e-01 -3.55717846e-02  4.89348561e-01 -5.65141671e+02]
 [ 3.34959234e-01  6.85647675e-01  6.46289081e-01  2.00482675e+02]
 [-3.58510360e-01  7.27063899e-01 -5.85532585e-01  2.56266132e+02]
 [ 0.00000000e+00  0.00000000e+00  0.00000000e+00  1.00000000e+00]]

[[-8.88018871e-01 -6.13851976e-02  4.55691060e-01 -5.33178834e+02]
 [ 3.06094325e-01  6.60617656e-01  6.85485650e-01  1.73108676e+02]
 [-3.43116232e-01  7.48208641e-01 -5.67851284e-01  2.35344580e+02]
 [ 0.00000000e+00  0.00000000e+00  0.00000000e+00  1.00000000e+00]]

[[-8.82504416e-01 -4.42850204e-02  4.68214472e-01 -5.45213555e+02]
 [ 3.23109978e-01  6.66315778e-01  6.72029185e-01  1.81255712e+02]
 [-3.41739517e-01  7.44353492e-01 -5.73717685e-01  2.42793879e+02]
 [ 0.00000000e+00  0.00000000e+00  0.00000000e+00  1.00000000e+00]]

[[-8.50830046e-01 -5.84571166e-02  5.22179086e-01 -5.93758373e+02]
 [ 3.62111865e-01  6.54878600e-01  6.63331755e-01  1.85512408e+02]
 [-3.80740370e-01  7.53469830e-01 -5.36022374e-01  2.12890200e+02]
 [ 0.00000000e+00  0.00000000e+00  0.00000000e+00  1.00000000e+00]]

[[-8.63982312e-01 -5.74578472e-02  5.00233105e-01 -5.73526015e+02]
 [ 3.39394741e-01  6.67414272e-01  6.62849454e-01  1.87694832e+02]
 [-3.71948617e-01  7.42466689e-01 -5.57133235e-01  2.29954465e+02]
 [ 0.00000000e+00  0.00000000e+00  0.00000000e+00  1.00000000e+00]]

[[-8.43108166e-01 -5.92467953e-02  5.34470239e-01 -6.04814518e+02]
 [ 3.68849723e-01  6.59530567e-01  6.54957489e-01  1.92454527e+02]
 [-3.91303593e-01  7.49339208e-01 -5.34202443e-01  2.11788976e+02]
 [ 0.00000000e+00  0.00000000e+00  0.00000000e+00  1.00000000e+00]]

[[-9.01440452e-01 -3.64077805e-02  4.31369429e-01 -5.13983197e+02]
 [ 2.77439368e-01  7.16333922e-01  6.40228951e-01  2.08656876e+02]
 [-3.32313870e-01  6.96807137e-01 -6.35631423e-01  2.98447329e+02]
 [ 0.00000000e+00  0.00000000e+00  0.00000000e+00  1.00000000e+00]]

[[-8.64126338e-01 -2.70754546e-02  5.02546110e-01 -5.78475979e+02]
 [ 3.40071564e-01  7.04680116e-01  6.22717645e-01  2.31785446e+02]
 [-3.70994614e-01  7.09008360e-01 -5.99725055e-01  2.70618089e+02]
 [ 0.00000000e+00  0.00000000e+00  0.00000000e+00  1.00000000e+00]]

[[-9.01685305e-01 -3.00356793e-02  4.31348432e-01 -5.18774742e+02]
 [ 2.86268033e-01  7.06177064e-01  6.47583638e-01  2.26457057e+02]
 [-3.24058983e-01  7.07397917e-01 -6.28151226e-01  2.96945650e+02]
 [ 0.00000000e+00  0.00000000e+00  0.00000000e+00  1.00000000e+00]]

[[-8.71540865e-01 -3.68753312e-02  4.88934280e-01 -5.73240767e+02]
 [ 3.25279934e-01  7.02663624e-01  6.32816558e-01  2.23933848e+02]
 [-3.66891653e-01  7.10566001e-01 -6.00405257e-01  2.71067274e+02]
 [ 0.00000000e+00  0.00000000e+00  0.00000000e+00  1.00000000e+00]]

[[-8.97645726e-01 -3.35695009e-02  4.39437412e-01 -5.29343543e+02]
 [ 2.96312461e-01  6.92120946e-01  6.58154633e-01  2.02008637e+02]
 [-3.26237760e-01  7.21000475e-01 -6.11332348e-01  2.78558897e+02]
 [ 0.00000000e+00  0.00000000e+00  0.00000000e+00  1.00000000e+00]]

[[-8.74856575e-01 -3.19003001e-02  4.83330471e-01 -5.71404941e+02]
 [ 3.22245382e-01  7.06650719e-01  6.29922753e-01  2.23656357e+02]
 [-3.61640550e-01  7.06843074e-01 -6.07938304e-01  2.79555255e+02]
 [ 0.00000000e+00  0.00000000e+00  0.00000000e+00  1.00000000e+00]]

[[-8.72968350e-01 -6.84281345e-02  4.82953259e-01 -5.67545769e+02]
 [ 3.20511568e-01  6.65890685e-01  6.73692756e-01  1.85169039e+02]
 [-3.67693615e-01  7.42904560e-01 -5.59369484e-01  2.35553669e+02]
 [ 0.00000000e+00  0.00000000e+00  0.00000000e+00  1.00000000e+00]]

[[-8.48967043e-01 -5.61204367e-02  5.25457378e-01 -6.04020054e+02]
 [ 3.55298464e-01  6.75432448e-01  6.46184192e-01  2.07719977e+02]
 [-3.91175102e-01  7.35283282e-01 -5.53480383e-01  2.30852899e+02]
 [ 0.00000000e+00  0.00000000e+00  0.00000000e+00  1.00000000e+00]]

[[-8.71263578e-01 -6.97064721e-02  4.85840289e-01 -5.70117583e+02]
 [ 3.20331085e-01  6.69220895e-01  6.70471021e-01  1.88967704e+02]
 [-3.71870642e-01  7.39786727e-01 -5.60738641e-01  2.35809392e+02]
 [ 0.00000000e+00  0.00000000e+00  0.00000000e+00  1.00000000e+00]]

[[-8.61797545e-01 -5.54690823e-02  5.04210445e-01 -5.87902131e+02]
 [ 3.35210580e-01  6.83752855e-01  6.48163483e-01  2.05794885e+02]
 [-3.80708364e-01  7.27602374e-01 -5.70662708e-01  2.48446711e+02]
 [ 0.00000000e+00  0.00000000e+00  0.00000000e+00  1.00000000e+00]]

[[-8.43138962e-01 -6.03534017e-02  5.34297818e-01 -6.13534517e+02]
 [ 3.59427851e-01  6.75786953e-01  6.43524370e-01  2.10525497e+02]
 [-3.99910379e-01  7.34621985e-01 -5.48089616e-01  2.28639111e+02]
 [ 0.00000000e+00  0.00000000e+00  0.00000000e+00  1.00000000e+00]]

[[-8.70095794e-01 -5.28398518e-02  4.90042100e-01 -5.74356044e+02]
 [ 3.26306670e-01  6.83397288e-01  6.53063629e-01  2.07417851e+02]
 [-3.69401228e-01  7.28131922e-01 -5.77379110e-01  2.53017661e+02]
 [ 0.00000000e+00  0.00000000e+00  0.00000000e+00  1.00000000e+00]]

[[-8.50419058e-01 -5.67156382e-02  5.23039924e-01 -6.03993696e+02]
 [ 3.48987960e-01  6.83142237e-01  6.41501433e-01  2.13688929e+02]
 [-3.93693827e-01  7.28079680e-01 -5.61164103e-01  2.41259795e+02]
 [ 0.00000000e+00  0.00000000e+00  0.00000000e+00  1.00000000e+00]]

[[-8.80776527e-01 -2.48205353e-02  4.72881222e-01 -5.57398364e+02]
 [ 3.16579470e-01  7.11781181e-01  6.27012751e-01  2.26014662e+02]
 [-3.52150747e-01  7.01962600e-01 -6.19062485e-01  2.89667794e+02]
 [ 0.00000000e+00  0.00000000e+00  0.00000000e+00  1.00000000e+00]]

[[-8.73099866e-01 -7.11661784e-02  4.82319395e-01 -5.63014164e+02]
 [ 3.19100179e-01  6.64541777e-01  6.75691721e-01  1.86389967e+02]
 [-3.68607786e-01  7.43854557e-01 -5.57502196e-01  2.33842722e+02]
 [ 0.00000000e+00  0.00000000e+00  0.00000000e+00  1.00000000e+00]]

[[-8.68598194e-01 -5.48172167e-02  4.92475635e-01 -5.71972082e+02]
 [ 3.24522374e-01  6.88131900e-01  6.48968194e-01  2.13434200e+02]
 [-3.74462824e-01  7.23511963e-01 -5.79920712e-01  2.56630430e+02]
 [ 0.00000000e+00  0.00000000e+00  0.00000000e+00  1.00000000e+00]]

[[-8.77538622e-01 -3.91618368e-02  4.77904089e-01 -5.63760490e+02]
 [ 3.15934165e-01  7.02518712e-01  6.37693549e-01  2.15449033e+02]
 [-3.60709816e-01  7.10586947e-01 -6.04114740e-01  2.78716850e+02]
 [ 0.00000000e+00  0.00000000e+00  0.00000000e+00  1.00000000e+00]]

[[-8.67924887e-01 -6.34886272e-02  4.92621137e-01 -5.74634733e+02]
 [ 3.18428836e-01  6.90043379e-01  6.49956314e-01  2.03295603e+02]
 [-3.81194788e-01  7.20978036e-01 -5.78689212e-01  2.51166201e+02]
 [ 0.00000000e+00  0.00000000e+00  0.00000000e+00  1.00000000e+00]]

[[-8.47939756e-01 -6.48931190e-02  5.26105554e-01 -5.97646748e+02]
 [ 3.58748637e-01  6.60410299e-01  6.59664802e-01  1.98494024e+02]
 [-3.90253233e-01  7.48095662e-01 -5.36707830e-01  2.16008049e+02]
 [ 0.00000000e+00  0.00000000e+00  0.00000000e+00  1.00000000e+00]]

[[-8.79098300e-01 -6.94076589e-02  4.71559918e-01 -5.46425313e+02]
 [ 3.01418096e-01  6.85447959e-01  6.62803310e-01  2.06896056e+02]
 [-3.69233409e-01  7.24805955e-01 -5.81655411e-01  2.55543697e+02]
 [ 0.00000000e+00  0.00000000e+00  0.00000000e+00  1.00000000e+00]]

[[-8.83096026e-01 -6.39171186e-02  4.64818255e-01 -5.48634551e+02]
 [ 3.05540706e-01  6.73484801e-01  6.73099621e-01  2.02806443e+02]
 [-3.56070618e-01  7.36432499e-01 -5.75222470e-01  2.52295103e+02]
 [ 0.00000000e+00  0.00000000e+00  0.00000000e+00  1.00000000e+00]]

[[-8.93457378e-01 -5.73068390e-02  4.45477092e-01 -5.44667030e+02]
 [ 2.93429769e-01  6.76434560e-01  6.75525911e-01  2.02099844e+02]
 [-3.40048355e-01  7.34269849e-01 -5.87549916e-01  2.65308015e+02]
 [ 0.00000000e+00  0.00000000e+00  0.00000000e+00  1.00000000e+00]]

[[-8.82690632e-01 -4.35512689e-02  4.67932190e-01 -5.77798870e+02]
 [ 3.04944989e-01  7.04536268e-01  6.40809801e-01  2.32289310e+02]
 [-3.57583279e-01  7.08330385e-01 -6.08606823e-01  2.88132811e+02]
 [ 0.00000000e+00  0.00000000e+00  0.00000000e+00  1.00000000e+00]]

[[-8.99066575e-01 -8.10597686e-02  4.30242498e-01 -5.46875706e+02]
 [ 2.70222411e-01  6.70453512e-01  6.90993442e-01  1.94334998e+02]
 [-3.44469362e-01  7.37510272e-01 -5.80878177e-01  2.58383310e+02]
 [ 0.00000000e+00  0.00000000e+00  0.00000000e+00  1.00000000e+00]]

[[-9.03207194e-01 -6.61959858e-02  4.24069401e-01 -5.40716540e+02]
 [ 2.70442284e-01  6.79448721e-01  6.82063345e-01  2.01887898e+02]
 [-3.33283268e-01  7.30730817e-01 -5.95780779e-01  2.68665420e+02]
 [ 0.00000000e+00  0.00000000e+00  0.00000000e+00  1.00000000e+00]]

[[-8.90865863e-01 -9.61409529e-02  4.43976273e-01 -5.66028588e+02]
 [ 2.94997738e-01  6.20787923e-01  7.26359890e-01  1.68396542e+02]
 [-3.45448040e-01  7.78061226e-01 -5.24677405e-01  2.09227615e+02]
 [ 0.00000000e+00  0.00000000e+00  0.00000000e+00  1.00000000e+00]]

[[-8.81826813e-01 -7.66903866e-02  4.65295665e-01 -5.91525162e+02]
 [ 3.01472923e-01  6.67047827e-01  6.81293823e-01  2.05566477e+02]
 [-3.62623149e-01  7.41057205e-01 -5.65100585e-01  2.47177095e+02]
 [ 0.00000000e+00  0.00000000e+00  0.00000000e+00  1.00000000e+00]]

[[-9.02799745e-01 -8.42551037e-02  4.21727043e-01 -5.57288567e+02]
 [ 2.55276860e-01  6.84189617e-01  6.83167836e-01  2.03714254e+02]
 [-3.46101641e-01  7.24420903e-01 -5.96177833e-01  2.75618784e+02]
 [ 0.00000000e+00  0.00000000e+00  0.00000000e+00  1.00000000e+00]]

[[-8.90359907e-01 -9.63567153e-02  4.44943389e-01 -5.83378393e+02]
 [ 2.85581201e-01  6.42924851e-01  7.10697554e-01  1.88082189e+02]
 [-3.54545644e-01  7.59844075e-01 -5.44916844e-01  2.33191403e+02]
 [ 0.00000000e+00  0.00000000e+00  0.00000000e+00  1.00000000e+00]]

[[-9.08920279e-01 -6.44855540e-02  4.11953322e-01 -5.52626036e+02]
 [ 2.59257060e-01  6.86381939e-01  6.79459793e-01  2.12324092e+02]
 [-3.26572661e-01  7.24376592e-01 -6.07148129e-01  2.85397126e+02]
 [ 0.00000000e+00  0.00000000e+00  0.00000000e+00  1.00000000e+00]]

[[-8.97869116e-01 -7.38662872e-02  4.34021685e-01 -5.64160176e+02]
 [ 2.80833109e-01  6.63130445e-01  6.93823304e-01  1.96013036e+02]
 [-3.39063145e-01  7.44850176e-01 -5.74660247e-01  2.52410123e+02]
 [ 0.00000000e+00  0.00000000e+00  0.00000000e+00  1.00000000e+00]]

[[-9.07653749e-01 -7.30787254e-02  4.13308810e-01 -5.42905504e+02]
 [ 2.52791141e-01  6.90905651e-01  6.77307922e-01  2.10315490e+02]
 [-3.35054192e-01  7.19241880e-01 -6.08629449e-01  2.84134058e+02]
 [ 0.00000000e+00  0.00000000e+00  0.00000000e+00  1.00000000e+00]]

[[-9.02644809e-01 -7.14036745e-02  4.24421800e-01 -5.57562417e+02]
 [ 2.68514316e-01  6.77250131e-01  6.85005345e-01  2.11521901e+02]
 [-3.36351618e-01  7.32279847e-01 -5.92143407e-01  2.77190726e+02]
 [ 0.00000000e+00  0.00000000e+00  0.00000000e+00  1.00000000e+00]]

[[-9.01009098e-01 -6.77399547e-02  4.28478592e-01 -5.59100822e+02]
 [ 2.76588150e-01  6.71215191e-01  6.87727536e-01  2.10361804e+02]
 [-3.34187972e-01  7.38160868e-01 -5.86034925e-01  2.72667412e+02]
 [ 0.00000000e+00  0.00000000e+00  0.00000000e+00  1.00000000e+00]]

[[-9.31171524e-01 -6.57856350e-02  3.58597047e-01 -5.00204142e+02]
 [ 2.29191236e-01  6.59303640e-01  7.16093630e-01  1.96502256e+02]
 [-2.83533013e-01  7.48993298e-01 -5.98847285e-01  2.84734061e+02]
 [ 0.00000000e+00  0.00000000e+00  0.00000000e+00  1.00000000e+00]]

[[-9.28302414e-01 -5.90341441e-02  3.67109791e-01 -5.06940568e+02]
 [ 2.34744324e-01  6.72630716e-01  7.01757097e-01  2.11985480e+02]
 [-2.88356951e-01  7.37619746e-01 -6.10546787e-01  3.03250981e+02]
 [ 0.00000000e+00  0.00000000e+00  0.00000000e+00  1.00000000e+00]]

[[-9.24866290e-01 -6.54582703e-02  3.74616551e-01 -5.09906721e+02]
 [ 2.38444130e-01  6.67575984e-01  7.05327373e-01  2.20319987e+02]
 [-2.96254522e-01  7.41658628e-01 -6.01810383e-01  3.06718146e+02]
 [ 0.00000000e+00  0.00000000e+00  0.00000000e+00  1.00000000e+00]]

[[-9.00260154e-01 -7.54582716e-02  4.28762994e-01 -5.50779773e+02]
 [ 2.87077467e-01  6.37506725e-01  7.14962729e-01  2.16103133e+02]
 [-3.27289144e-01  7.66740651e-01 -5.52259532e-01  2.71132380e+02]
 [ 0.00000000e+00  0.00000000e+00  0.00000000e+00  1.00000000e+00]]

[[-9.05012279e-01 -8.60237200e-02  4.16596561e-01 -5.35274596e+02]
 [ 2.74740750e-01  6.29476020e-01  7.26826981e-01  2.06231722e+02]
 [-3.24761906e-01  7.72243394e-01 -5.46049306e-01  2.66679454e+02]
 [ 0.00000000e+00  0.00000000e+00  0.00000000e+00  1.00000000e+00]]

[[-9.15832660e-01 -4.75065161e-02  3.98740102e-01 -5.19713547e+02]
 [ 2.59238916e-01  6.88383174e-01  6.77439141e-01  2.45151358e+02]
 [-3.06668751e-01  7.23789843e-01 -6.18128256e-01  3.32680008e+02]
 [ 0.00000000e+00  0.00000000e+00  0.00000000e+00  1.00000000e+00]]

[[-8.98156527e-01 -8.87687709e-02  4.30621595e-01 -5.55327061e+02]
 [ 2.87391599e-01  6.22689063e-01  7.27780461e-01  2.02414826e+02]
 [-3.32747535e-01  7.77417800e-01 -5.33760847e-01  2.54599401e+02]
 [ 0.00000000e+00  0.00000000e+00  0.00000000e+00  1.00000000e+00]]

[[-9.15760164e-01 -9.03449136e-02  3.91434693e-01 -5.29756273e+02]
 [ 2.61032558e-01  6.06831858e-01  7.50744363e-01  1.86836165e+02]
 [-3.05360977e-01  7.89678980e-01 -5.32129478e-01  2.48645052e+02]
 [ 0.00000000e+00  0.00000000e+00  0.00000000e+00  1.00000000e+00]]

[[-9.23134260e-01 -6.64869100e-02  3.78685395e-01 -5.24834009e+02]
 [ 2.45613195e-01  6.55784211e-01  7.13877600e-01  2.17662628e+02]
 [-2.95799419e-01  7.52015000e-01 -5.89046810e-01  2.98975064e+02]
 [ 0.00000000e+00  0.00000000e+00  0.00000000e+00  1.00000000e+00]]

[[-9.41480293e-01 -3.23180808e-02  3.35515126e-01 -4.95372997e+02]
 [ 2.23197267e-01  6.86125125e-01  6.92398218e-01  2.41453074e+02]
 [-2.52582340e-01  7.26765336e-01 -6.38759977e-01  3.60335447e+02]
 [ 0.00000000e+00  0.00000000e+00  0.00000000e+00  1.00000000e+00]]

[[-9.21782746e-01 -5.29024806e-02  3.84080586e-01 -5.33924666e+02]
 [ 2.59942744e-01  6.50675615e-01  7.13478110e-01  2.20769716e+02]
 [-2.87656634e-01  7.57510773e-01 -5.86029939e-01  3.09089444e+02]
 [ 0.00000000e+00  0.00000000e+00  0.00000000e+00  1.00000000e+00]]

[[-9.33330991e-01 -5.82699960e-02  3.54256784e-01 -5.07155224e+02]
 [ 2.31418585e-01  6.56747208e-01  7.17724559e-01  2.15006746e+02]
 [-2.74478961e-01  7.51856178e-01 -5.99477763e-01  3.16779623e+02]
 [ 0.00000000e+00  0.00000000e+00  0.00000000e+00  1.00000000e+00]]

[[-9.23878924e-01 -5.31625931e-02  3.78974236e-01 -5.26883295e+02]
 [ 2.52365897e-01  6.59810580e-01  7.07786305e-01  2.20707083e+02]
 [-2.87678966e-01  7.49549023e-01 -5.96168663e-01  3.09159468e+02]
 [ 0.00000000e+00  0.00000000e+00  0.00000000e+00  1.00000000e+00]]

[[-9.09264330e-01 -7.84723182e-02  4.08754783e-01 -5.47246320e+02]
 [ 2.66448876e-01  6.44717287e-01  7.16480715e-01  2.06040798e+02]
 [-3.19755178e-01  7.60382611e-01 -5.65309572e-01  2.77961554e+02]
 [ 0.00000000e+00  0.00000000e+00  0.00000000e+00  1.00000000e+00]]

[[-9.16061706e-01 -7.95210793e-02  3.93074228e-01 -5.26381857e+02]
 [ 2.54259059e-01  6.42811525e-01  7.22596481e-01  2.01728029e+02]
 [-3.10134296e-01  7.61885649e-01 -5.68636067e-01  2.69693333e+02]
 [ 0.00000000e+00  0.00000000e+00  0.00000000e+00  1.00000000e+00]]

[[-8.78833521e-01 -8.31002211e-02  4.69836137e-01 -5.86943603e+02]
 [ 3.13410418e-01  6.41938603e-01  6.99777636e-01  2.11965362e+02]
 [-3.59757630e-01  7.62239584e-01 -5.38112688e-01  2.38191423e+02]
 [ 0.00000000e+00  0.00000000e+00  0.00000000e+00  1.00000000e+00]]

[[-8.90983448e-01 -7.01693499e-02  4.48580827e-01 -5.62780073e+02]
 [ 2.90620152e-01  6.70937950e-01  6.82189266e-01  2.23562808e+02]
 [-3.48838677e-01  7.38185973e-01 -5.77401980e-01  2.62238831e+02]
 [ 0.00000000e+00  0.00000000e+00  0.00000000e+00  1.00000000e+00]]

[[-9.09140891e-01 -9.59610660e-02  4.05283006e-01 -5.50635238e+02]
 [ 2.67659617e-01  6.10922203e-01  7.45072071e-01  1.82035587e+02]
 [-3.19094297e-01  7.85853380e-01 -5.29729454e-01  2.28790346e+02]
 [ 0.00000000e+00  0.00000000e+00  0.00000000e+00  1.00000000e+00]]

[[-9.01973601e-01 -6.82904127e-02  4.26356709e-01 -5.87458013e+02]
 [ 2.97857641e-01  6.16465722e-01  7.28869563e-01  1.99509178e+02]
 [-3.12609099e-01  7.84414708e-01 -5.35694985e-01  2.51331281e+02]
 [ 0.00000000e+00  0.00000000e+00  0.00000000e+00  1.00000000e+00]]

[[-9.28965365e-01 -6.70090463e-02  3.64051011e-01 -5.36753128e+02]
 [ 2.28343772e-01  6.70328108e-01  7.06059027e-01  2.21047028e+02]
 [-2.91345967e-01  7.39033163e-01 -6.07410497e-01  3.17944468e+02]
 [ 0.00000000e+00  0.00000000e+00  0.00000000e+00  1.00000000e+00]]

[[-9.43354852e-01 -2.70531367e-02  3.30680739e-01 -5.13696028e+02]
 [ 2.09615685e-01  7.23969979e-01  6.57212853e-01  2.61178884e+02]
 [-2.57182597e-01  6.89300803e-01 -6.77289830e-01  3.60709126e+02]
 [ 0.00000000e+00  0.00000000e+00  0.00000000e+00  1.00000000e+00]]

[[-9.48304135e-01 -6.22511651e-02  3.11197783e-01 -4.99981797e+02]
 [ 1.66563330e-01  7.37042745e-01  6.54999732e-01  2.60589862e+02]
 [-2.70140565e-01  6.72973093e-01 -6.88571921e-01  3.50044686e+02]
 [ 0.00000000e+00  0.00000000e+00  0.00000000e+00  1.00000000e+00]]

[[-9.23434555e-01 -1.09029633e-01  3.67941790e-01 -5.42748167e+02]
 [ 1.96334696e-01  6.89582164e-01  6.97086168e-01  2.27666284e+02]
 [-3.29729145e-01  7.15953195e-01 -6.15377700e-01  2.72346107e+02]
 [ 0.00000000e+00  0.00000000e+00  0.00000000e+00  1.00000000e+00]]

[[-8.95375362e-01 -1.23304982e-01  4.27900505e-01 -5.92187890e+02]
 [ 2.52137334e-01  6.51660436e-01  7.15377831e-01  2.21550148e+02]
 [-3.67055481e-01  7.48421377e-01 -5.52390909e-01  2.15620605e+02]
 [ 0.00000000e+00  0.00000000e+00  0.00000000e+00  1.00000000e+00]]

[[-9.17676810e-01 -1.11498749e-01  3.81362427e-01 -5.57780793e+02]
 [ 1.92313064e-01  7.15253897e-01  6.71883583e-01  2.59144125e+02]
 [-3.47685141e-01  6.89912960e-01 -6.34929248e-01  2.80525673e+02]
 [ 0.00000000e+00  0.00000000e+00  0.00000000e+00  1.00000000e+00]]

[[-8.92221903e-01 -1.35166831e-01  4.30894423e-01 -6.02935437e+02]
 [ 2.32391763e-01  6.80699387e-01  6.94724703e-01  2.29131020e+02]
 [-3.87213307e-01  7.19984911e-01 -5.75923244e-01  2.18114892e+02]
 [ 0.00000000e+00  0.00000000e+00  0.00000000e+00  1.00000000e+00]]

[[-8.99768991e-01 -1.26088096e-01  4.17752983e-01 -5.88310291e+02]
 [ 2.08795531e-01  7.16238166e-01  6.65888366e-01  2.39575207e+02]
 [-3.83171226e-01  6.86370659e-01 -6.18122261e-01  2.55583644e+02]
 [ 0.00000000e+00  0.00000000e+00  0.00000000e+00  1.00000000e+00]]

[[-9.18227659e-01 -9.89035815e-02  3.83504952e-01 -5.50316119e+02]
 [ 1.73639149e-01  7.69761032e-01  6.14261670e-01  2.82446534e+02]
 [-3.55959847e-01  6.30623528e-01 -6.89642337e-01  3.17717459e+02]
 [ 0.00000000e+00  0.00000000e+00  0.00000000e+00  1.00000000e+00]]

[[-9.09520076e-01 -7.65123522e-02  4.08557328e-01 -5.62834341e+02]
 [ 1.93670622e-01  7.91692782e-01  5.79408517e-01  3.11892086e+02]
 [-3.67783796e-01  6.06109231e-01 -7.05242285e-01  3.31520299e+02]
 [ 0.00000000e+00  0.00000000e+00  0.00000000e+00  1.00000000e+00]]

[[-9.23512242e-01 -9.87963907e-02  3.70627052e-01 -5.25422831e+02]
 [ 1.60586859e-01  7.77911491e-01  6.07507673e-01  2.83477677e+02]
 [-3.48334608e-01  6.20558607e-01 -7.02545383e-01  3.25952044e+02]
 [ 0.00000000e+00  0.00000000e+00  0.00000000e+00  1.00000000e+00]]

[[-8.39698325e-01 -1.55570987e-01  5.20292602e-01 -6.50005702e+02]
 [ 2.84599069e-01  6.89911520e-01  6.65601581e-01  2.32274106e+02]
 [-4.62504155e-01  7.06979322e-01 -5.35042190e-01  1.77912505e+02]
 [ 0.00000000e+00  0.00000000e+00  0.00000000e+00  1.00000000e+00]]

[[-8.80102005e-01 -1.32415461e-01  4.55945836e-01 -5.84689244e+02]
 [ 2.26532088e-01  7.26850129e-01  6.48361090e-01  2.46127410e+02]
 [-4.17257322e-01  6.73910258e-01 -6.09705906e-01  2.42135613e+02]
 [ 0.00000000e+00  0.00000000e+00  0.00000000e+00  1.00000000e+00]]

[[-8.75078242e-01 -1.32147332e-01  4.65591187e-01 -5.95180002e+02]
 [ 2.41480101e-01  7.14488896e-01  6.56652859e-01  2.42480033e+02]
 [-4.19434657e-01  6.87053637e-01 -5.93322736e-01  2.23643898e+02]
 [ 0.00000000e+00  0.00000000e+00  0.00000000e+00  1.00000000e+00]]

[[-8.76355085e-01 -1.49502090e-01  4.57876502e-01 -5.93629911e+02]
 [ 2.34045328e-01  6.98672115e-01  6.76076963e-01  2.29147870e+02]
 [-4.20980462e-01  6.99647340e-01 -5.77294595e-01  2.08302110e+02]
 [ 0.00000000e+00  0.00000000e+00  0.00000000e+00  1.00000000e+00]]

[[-8.61469386e-01 -1.33859511e-01  4.89849088e-01 -6.38755713e+02]
 [ 2.43465756e-01  7.37660323e-01  6.29747310e-01  2.60164696e+02]
 [-4.45639903e-01  6.61769506e-01 -6.02881578e-01  2.26011213e+02]
 [ 0.00000000e+00  0.00000000e+00  0.00000000e+00  1.00000000e+00]]

[[-9.05751202e-01 -1.46781198e-01  3.97580232e-01 -5.68691259e+02]
 [ 1.69763603e-01  7.33904674e-01  6.57696167e-01  2.41967458e+02]
 [-3.88323422e-01  6.63203746e-01 -6.39816936e-01  2.44638699e+02]
 [ 0.00000000e+00  0.00000000e+00  0.00000000e+00  1.00000000e+00]]

[[-8.98495811e-01 -1.52874088e-01  4.11503088e-01 -5.96063606e+02]
 [ 1.78819894e-01  7.28643945e-01  6.61136482e-01  2.34005773e+02]
 [-4.00909869e-01  6.67613298e-01 -6.27346604e-01  2.32371083e+02]
 [ 0.00000000e+00  0.00000000e+00  0.00000000e+00  1.00000000e+00]]

[[-9.15580285e-01 -1.34928515e-01  3.78823229e-01 -5.85956845e+02]
 [ 1.77872520e-01  7.08983019e-01  6.82425414e-01  2.19356558e+02]
 [-3.60657884e-01  6.92197497e-01 -6.25130799e-01  2.49086133e+02]
 [ 0.00000000e+00  0.00000000e+00  0.00000000e+00  1.00000000e+00]]

[[-9.32926321e-01 -8.33892203e-02  3.50278059e-01 -5.60544099e+02]
 [ 1.81745174e-01  7.30737008e-01  6.58021365e-01  2.46146142e+02]
 [-3.10833029e-01  6.77546797e-01 -6.66568200e-01  3.14091162e+02]
 [ 0.00000000e+00  0.00000000e+00  0.00000000e+00  1.00000000e+00]]

[[-9.49894373e-01 -8.21049803e-02  3.01594848e-01 -5.13135177e+02]
 [ 1.51424052e-01  7.23224010e-01  6.73808421e-01  2.46242167e+02]
 [-2.73443663e-01  6.85715541e-01 -6.74553749e-01  3.30112087e+02]
 [ 0.00000000e+00  0.00000000e+00  0.00000000e+00  1.00000000e+00]]

[[-9.24214941e-01 -1.06241892e-01  3.66796134e-01 -5.66003094e+02]
 [ 2.12536846e-01  6.54895033e-01  7.25217612e-01  2.10037059e+02]
 [-3.17261457e-01  7.48214646e-01 -5.82683457e-01  2.59469566e+02]
 [ 0.00000000e+00  0.00000000e+00  0.00000000e+00  1.00000000e+00]]

[[-9.01253747e-01 -9.18127165e-02  4.23452606e-01 -6.15120256e+02]
 [ 2.61877975e-01  6.63174312e-01  7.01156015e-01  2.23726049e+02]
 [-3.45197929e-01  7.42812397e-01 -5.73644605e-01  2.59360982e+02]
 [ 0.00000000e+00  0.00000000e+00  0.00000000e+00  1.00000000e+00]]

[[-9.15958371e-01 -9.15512461e-02  3.90689944e-01 -5.81338044e+02]
 [ 2.51692507e-01  6.27211164e-01  7.37059725e-01  1.96690854e+02]
 [-3.12523831e-01  7.73449756e-01 -5.51456553e-01  2.40244834e+02]
 [ 0.00000000e+00  0.00000000e+00  0.00000000e+00  1.00000000e+00]]

[[-9.21521482e-01 -7.90257967e-02  3.80201370e-01 -5.70845163e+02]
 [ 2.37170629e-01  6.60719406e-01  7.12179724e-01  2.22350895e+02]
 [-3.07486993e-01  7.46461513e-01 -5.90124529e-01  2.81974542e+02]
 [ 0.00000000e+00  0.00000000e+00  0.00000000e+00  1.00000000e+00]]

[[-9.19527586e-01 -8.89943084e-02  3.82817230e-01 -5.77330660e+02]
 [ 2.47419583e-01  6.25723955e-01  7.39765559e-01  2.08112375e+02]
 [-3.05372836e-01  7.74951318e-01 -5.53351503e-01  2.50343538e+02]
 [ 0.00000000e+00  0.00000000e+00  0.00000000e+00  1.00000000e+00]]

[[-9.35879052e-01 -8.35457083e-02  3.42272574e-01 -5.42199338e+02]
 [ 2.13173071e-01  6.39200760e-01  7.38904344e-01  2.10849188e+02]
 [-2.80513176e-01  7.64488393e-01 -5.80404906e-01  2.77473926e+02]
 [ 0.00000000e+00  0.00000000e+00  0.00000000e+00  1.00000000e+00]]

[[-9.33684558e-01 -8.19963956e-02  3.48582468e-01 -5.44253861e+02]
 [ 2.20051612e-01  6.36576819e-01  7.39153057e-01  2.15566493e+02]
 [-2.82507405e-01  7.66841929e-01 -5.76318507e-01  2.76042482e+02]
 [ 0.00000000e+00  0.00000000e+00  0.00000000e+00  1.00000000e+00]]

[[-9.42394996e-01 -6.87427935e-02  3.27362336e-01 -5.23394618e+02]
 [ 2.01895859e-01  6.63397550e-01  7.20514922e-01  2.29029436e+02]
 [-2.66701580e-01  7.45102758e-01 -6.11303646e-01  3.19000047e+02]
 [ 0.00000000e+00  0.00000000e+00  0.00000000e+00  1.00000000e+00]]

[[-9.43160105e-01 -5.47641131e-02  3.27795527e-01 -5.26305350e+02]
 [ 1.97959947e-01  6.99682521e-01  6.86481048e-01  2.57428037e+02]
 [-2.66947327e-01  7.12351922e-01 -6.49071539e-01  3.44116363e+02]
 [ 0.00000000e+00  0.00000000e+00  0.00000000e+00  1.00000000e+00]]

[[-9.53961703e-01 -6.53665537e-02  2.92718779e-01 -4.95527943e+02]
 [ 1.61684604e-01  7.09932330e-01  6.85459098e-01  2.55067868e+02]
 [-2.52616624e-01  7.01229848e-01 -6.66679489e-01  3.52524209e+02]
 [ 0.00000000e+00  0.00000000e+00  0.00000000e+00  1.00000000e+00]]

[[-9.23191746e-01 -6.84926258e-02  3.78187466e-01 -5.68330474e+02]
 [ 2.43665051e-01  6.56663946e-01  7.13736510e-01  2.21958529e+02]
 [-2.97227762e-01  7.51066723e-01 -5.89537476e-01  2.78345158e+02]
 [ 0.00000000e+00  0.00000000e+00  0.00000000e+00  1.00000000e+00]]

[[-9.19493548e-01 -1.04099162e-01  3.79071206e-01 -5.65283205e+02]
 [ 2.35064024e-01  6.27304953e-01  7.42450941e-01  2.07789293e+02]
 [-3.15081766e-01  7.71784854e-01 -5.52332889e-01  2.49728509e+02]
 [ 0.00000000e+00  0.00000000e+00  0.00000000e+00  1.00000000e+00]]

[[-9.10986129e-01 -1.01441835e-01  3.99767216e-01 -5.83338652e+02]
 [ 2.50602195e-01  6.33690740e-01  7.31870607e-01  2.17323367e+02]
 [-3.27571080e-01  7.66906513e-01 -5.51861927e-01  2.50981939e+02]
 [ 0.00000000e+00  0.00000000e+00  0.00000000e+00  1.00000000e+00]]

[[-9.21017619e-01 -9.77319689e-02  3.77061014e-01 -5.67000395e+02]
 [ 2.31441386e-01  6.41306669e-01  7.31546746e-01  2.17543346e+02]
 [-3.13307247e-01  7.61034966e-01 -5.68035519e-01  2.67908936e+02]
 [ 0.00000000e+00  0.00000000e+00  0.00000000e+00  1.00000000e+00]]

[[-9.05866147e-01 -9.42968028e-02  4.12934181e-01 -6.03298550e+02]
 [ 2.62285211e-01  6.40619783e-01  7.21673585e-01  2.21277683e+02]
 [-3.32585317e-01  7.62046198e-01 -5.55583117e-01  2.49550964e+02]
 [ 0.00000000e+00  0.00000000e+00  0.00000000e+00  1.00000000e+00]]

[[-9.51517212e-01 -5.63635972e-02  3.02387401e-01 -5.07512716e+02]
 [ 1.75597269e-01  7.07604000e-01  6.84442969e-01  2.59631416e+02]
 [-2.52548202e-01  7.04357668e-01 -6.63400092e-01  3.37112224e+02]
 [ 0.00000000e+00  0.00000000e+00  0.00000000e+00  1.00000000e+00]]

[[-9.55819220e-01 -5.04466269e-02  2.89594125e-01 -4.90284798e+02]
 [ 1.68070527e-01  7.14466558e-01  6.79183212e-01  2.59900834e+02]
 [-2.41167820e-01  6.97848605e-01 -6.74422276e-01  3.61502806e+02]
 [ 0.00000000e+00  0.00000000e+00  0.00000000e+00  1.00000000e+00]]

[[-9.48062132e-01 -6.98222320e-02  3.10327327e-01 -5.07295709e+02]
 [ 1.84653637e-01  6.73580087e-01  7.15676534e-01  2.31886058e+02]
 [-2.59000441e-01  7.35808890e-01 -6.25702844e-01  3.21116084e+02]
 [ 0.00000000e+00  0.00000000e+00  0.00000000e+00  1.00000000e+00]]

[[-9.28650234e-01 -7.62113038e-02  3.63043496e-01 -5.54064099e+02]
 [ 2.25928665e-01  6.60020553e-01  7.16469893e-01  2.31153736e+02]
 [-2.94219274e-01  7.47371866e-01 -5.95709923e-01  2.94839728e+02]
 [ 0.00000000e+00  0.00000000e+00  0.00000000e+00  1.00000000e+00]]

[[-9.15228224e-01 -9.47514804e-02  3.91636892e-01 -5.75077920e+02]
 [ 2.46560033e-01  6.37055287e-01  7.30320965e-01  2.23361913e+02]
 [-3.18693345e-01  7.64972365e-01 -5.59689050e-01  2.61116695e+02]
 [ 0.00000000e+00  0.00000000e+00  0.00000000e+00  1.00000000e+00]]

[[-9.33254990e-01 -7.67503355e-02  3.50919520e-01 -5.41524766e+02]
 [ 2.11048328e-01  6.73364786e-01  7.08546730e-01  2.40562765e+02]
 [-2.90678047e-01  7.35315749e-01 -6.12223017e-01  3.09041801e+02]
 [ 0.00000000e+00  0.00000000e+00  0.00000000e+00  1.00000000e+00]]

[[-8.99671863e-01 -8.93963970e-02  4.27315835e-01 -6.08794712e+02]
 [ 2.84578397e-01  6.22184444e-01  7.29315880e-01  2.15853300e+02]
 [-3.31067477e-01  7.77749832e-01 -5.34321555e-01  2.41107587e+02]
 [ 0.00000000e+00  0.00000000e+00  0.00000000e+00  1.00000000e+00]]

[[-9.24172779e-01 -6.81805322e-02  3.75840510e-01 -5.59767142e+02]
 [ 2.34190053e-01  6.76178129e-01  6.98525703e-01  2.40632380e+02]
 [-3.01760987e-01  7.33576549e-01 -6.08938218e-01  3.08171215e+02]
 [ 0.00000000e+00  0.00000000e+00  0.00000000e+00  1.00000000e+00]]

[[-9.27495013e-01 -5.73652419e-02  3.69407945e-01 -5.53929284e+02]
 [ 2.29842039e-01  6.91821595e-01  6.84511153e-01  2.53627057e+02]
 [-2.94831541e-01  7.19786156e-01 -6.28476135e-01  3.21929558e+02]
 [ 0.00000000e+00  0.00000000e+00  0.00000000e+00  1.00000000e+00]]

[[-9.01420615e-01 -1.04298465e-01  4.20193653e-01 -5.95916989e+02]
 [ 2.64543181e-01  6.35601750e-01  7.25277409e-01  2.15497329e+02]
 [-3.42721142e-01  7.64939373e-01 -5.45353073e-01  2.47448035e+02]
 [ 0.00000000e+00  0.00000000e+00  0.00000000e+00  1.00000000e+00]]

[[-9.12081597e-01 -7.80837345e-02  4.02504771e-01 -5.74059936e+02]
 [ 2.44875882e-01  6.83637357e-01  6.87514194e-01  2.44792078e+02]
 [-3.28850974e-01  7.25632754e-01 -6.04412229e-01  2.93380492e+02]
 [ 0.00000000e+00  0.00000000e+00  0.00000000e+00  1.00000000e+00]]

[[-9.21476437e-01 -8.67231131e-02  3.78629473e-01 -5.37562631e+02]
 [ 2.23446181e-01  6.78984588e-01  6.99322338e-01  2.39541480e+02]
 [-3.17730987e-01  7.29012366e-01 -6.06290351e-01  2.90111709e+02]
 [ 0.00000000e+00  0.00000000e+00  0.00000000e+00  1.00000000e+00]]

[[-8.84626534e-01 -1.13670710e-01  4.52233197e-01 -5.94667256e+02]
 [ 2.86717573e-01  6.32235554e-01  7.19771656e-01  2.22062564e+02]
 [-3.67734861e-01  7.66392311e-01 -5.26700957e-01  2.25609579e+02]
 [ 0.00000000e+00  0.00000000e+00  0.00000000e+00  1.00000000e+00]]

[[-8.92158675e-01 -1.09802910e-01  4.38173732e-01 -5.83367205e+02]
 [ 2.71398744e-01  6.45123582e-01  7.14253656e-01  2.27836054e+02]
 [-3.61103337e-01  7.56147396e-01 -5.45752229e-01  2.41771829e+02]
 [ 0.00000000e+00  0.00000000e+00  0.00000000e+00  1.00000000e+00]]

[[-9.34076197e-01 -4.89111398e-02  3.53708012e-01 -5.10674203e+02]
 [ 2.04666537e-01  7.38370921e-01  6.42588509e-01  2.87480642e+02]
 [-2.92597447e-01  6.72618825e-01 -6.79684228e-01  3.58929505e+02]
 [ 0.00000000e+00  0.00000000e+00  0.00000000e+00  1.00000000e+00]]

[[-9.25887224e-01 -5.12161349e-02  3.74312378e-01 -5.28221065e+02]
 [ 2.23563710e-01  7.24403889e-01  6.52118297e-01  2.78930736e+02]
 [-3.04552321e-01  6.87470663e-01 -6.59266237e-01  3.41026800e+02]
 [ 0.00000000e+00  0.00000000e+00  0.00000000e+00  1.00000000e+00]]

[[-9.19766706e-01 -4.70853259e-02  3.89630825e-01 -5.40624091e+02]
 [ 2.37424817e-01  7.23751427e-01  6.47930034e-01  2.83046025e+02]
 [-3.12503862e-01  6.88452500e-01 -6.54503240e-01  3.36375531e+02]
 [ 0.00000000e+00  0.00000000e+00  0.00000000e+00  1.00000000e+00]]

[[-9.21395544e-01 -6.12100352e-02  3.83775434e-01 -5.34839726e+02]
 [ 2.38240843e-01  6.91230330e-01  6.82233048e-01  2.50024360e+02]
 [-3.07036729e-01  7.20037473e-01 -6.22313816e-01  3.08513152e+02]
 [ 0.00000000e+00  0.00000000e+00  0.00000000e+00  1.00000000e+00]]

[[-9.08772399e-01 -6.04112569e-02  4.12896121e-01 -5.59992974e+02]
 [ 2.54092116e-01  7.04775636e-01  6.62365835e-01  2.67446956e+02]
 [-3.31013479e-01  7.06853438e-01 -6.25130622e-01  3.11700098e+02]
 [ 0.00000000e+00  0.00000000e+00  0.00000000e+00  1.00000000e+00]]

[[-9.06660886e-01 -5.85391650e-02  4.17778893e-01 -5.63860404e+02]
 [ 2.62443456e-01  6.97086292e-01  6.67228697e-01  2.64670796e+02]
 [-3.30286950e-01  7.14593499e-01 -6.16657654e-01  3.07659152e+02]
 [ 0.00000000e+00  0.00000000e+00  0.00000000e+00  1.00000000e+00]]

[[-8.83661041e-01 -8.99745773e-02  4.59399325e-01 -5.98967719e+02]
 [ 2.90620611e-01  6.63900726e-01  6.89039539e-01  2.41040648e+02]
 [-3.66991587e-01  7.42388309e-01 -5.60514740e-01  2.56138005e+02]
 [ 0.00000000e+00  0.00000000e+00  0.00000000e+00  1.00000000e+00]]

[[-9.25136965e-01 -2.47864986e-02  3.78823475e-01 -5.30535011e+02]
 [ 2.28380828e-01  7.60769105e-01  6.07513429e-01  3.06726355e+02]
 [-3.03255327e-01  6.48549149e-01 -6.98154860e-01  3.79674137e+02]
 [ 0.00000000e+00  0.00000000e+00  0.00000000e+00  1.00000000e+00]]

[[-9.14001710e-01 -4.64517552e-02  4.03042316e-01 -5.50948785e+02]
 [ 2.50386938e-01  7.17081156e-01  6.50462141e-01  2.69279195e+02]
 [-3.19229158e-01  6.95440041e-01 -6.43782490e-01  3.32230870e+02]
 [ 0.00000000e+00  0.00000000e+00  0.00000000e+00  1.00000000e+00]]

[[-8.72088876e-01 -1.14190001e-01  4.75837825e-01 -6.11694690e+02]
 [ 3.03504994e-01  6.36551232e-01  7.09004406e-01  2.23165084e+02]
 [-3.83856368e-01  7.62734011e-01 -5.20472013e-01  2.21668821e+02]
 [ 0.00000000e+00  0.00000000e+00  0.00000000e+00  1.00000000e+00]]

[[-9.07452859e-01 -7.45791807e-02  4.13481868e-01 -5.58462634e+02]
 [ 2.54869087e-01  6.84665150e-01  6.82843600e-01  2.45776159e+02]
 [-3.34022541e-01  7.25032122e-01 -6.02293420e-01  2.92692903e+02]
 [ 0.00000000e+00  0.00000000e+00  0.00000000e+00  1.00000000e+00]]

[[-8.89445824e-01 -9.80594957e-02  4.46397202e-01 -5.85374593e+02]
 [ 2.86845165e-01  6.40624775e-01  7.12263820e-01  2.24084122e+02]
 [-3.55817338e-01  7.61566959e-01 -5.41673139e-01  2.37164884e+02]
 [ 0.00000000e+00  0.00000000e+00  0.00000000e+00  1.00000000e+00]]

[[-9.30646632e-01 -5.43908767e-02  3.61854224e-01 -5.14500238e+02]
 [ 2.13337106e-01  7.22783946e-01  6.57320810e-01  2.67725718e+02]
 [-2.97294679e-01  6.88930331e-01 -6.61052852e-01  3.44054492e+02]
 [ 0.00000000e+00  0.00000000e+00  0.00000000e+00  1.00000000e+00]]

[[-9.19029034e-01 -7.23435114e-02  3.87494581e-01 -5.35135664e+02]
 [ 2.36500899e-01  6.85243365e-01  6.88846032e-01  2.41032753e+02]
 [-3.15361631e-01  7.24712320e-01 -6.12649243e-01  3.00848519e+02]
 [ 0.00000000e+00  0.00000000e+00  0.00000000e+00  1.00000000e+00]]

[[-9.28522693e-01 -6.29757241e-02  3.65895704e-01 -5.16601996e+02]
 [ 1.58372741e-01  8.24169466e-01  5.43748807e-01  3.14824605e+02]
 [-3.35803042e-01  5.62831013e-01 -7.55286415e-01  3.57077357e+02]
 [ 0.00000000e+00  0.00000000e+00  0.00000000e+00  1.00000000e+00]]

[[-8.75980822e-01 -1.26951961e-01  4.65339444e-01 -6.05929621e+02]
 [ 2.14893449e-01  7.60991474e-01  6.12137878e-01  2.47124770e+02]
 [-4.31831454e-01  6.36219440e-01 -6.39332793e-01  2.38839958e+02]
 [ 0.00000000e+00  0.00000000e+00  0.00000000e+00  1.00000000e+00]]

[[-9.25487673e-01 -1.03277383e-01  3.64426054e-01 -5.16582236e+02]
 [ 1.41312541e-01  7.98504357e-01  5.85167973e-01  2.72639544e+02]
 [-3.51430409e-01  5.93063718e-01 -7.24411550e-01  3.11080752e+02]
 [ 0.00000000e+00  0.00000000e+00  0.00000000e+00  1.00000000e+00]]

[[-9.18399168e-01 -1.34901312e-01  3.71947045e-01 -5.22710686e+02]
 [ 1.44648070e-01  7.60523203e-01  6.32993992e-01  2.34216880e+02]
 [-3.68266078e-01  6.35142577e-01 -6.78950662e-01  2.68419827e+02]
 [ 0.00000000e+00  0.00000000e+00  0.00000000e+00  1.00000000e+00]]

[[-9.07266133e-01 -8.86148960e-02  4.11115026e-01 -5.50740092e+02]
 [ 1.79089651e-01  8.03078077e-01  5.68324290e-01  2.78914115e+02]
 [-3.80519462e-01  5.89247827e-01 -7.12735531e-01  2.98819535e+02]
 [ 0.00000000e+00  0.00000000e+00  0.00000000e+00  1.00000000e+00]]

[[-8.43695058e-01 -1.22705094e-01  5.22610858e-01 -6.24009853e+02]
 [ 2.56644411e-01  7.62866222e-01  5.93438096e-01  2.54660336e+02]
 [-4.71500048e-01  6.34805944e-01 -6.12134885e-01  2.03586953e+02]
 [ 0.00000000e+00  0.00000000e+00  0.00000000e+00  1.00000000e+00]]

[[-9.10291048e-01 -7.87314742e-02  4.06413044e-01 -5.30833064e+02]
 [ 1.81160423e-01  8.06986260e-01  5.62097925e-01  2.91185648e+02]
 [-3.72224541e-01  5.85298669e-01 -7.20329341e-01  2.91501528e+02]
 [ 0.00000000e+00  0.00000000e+00  0.00000000e+00  1.00000000e+00]]

[[-8.53486679e-01 -1.33763523e-01  5.03654453e-01 -6.26598863e+02]
 [ 2.63003055e-01  7.23805689e-01  6.37914350e-01  2.31986345e+02]
 [-4.49877629e-01  6.76914060e-01 -5.82578299e-01  1.72088233e+02]
 [ 0.00000000e+00  0.00000000e+00  0.00000000e+00  1.00000000e+00]]

[[-9.06595370e-01 -8.53259459e-02  4.13284790e-01 -5.62436684e+02]
 [ 2.30374545e-01  7.20469042e-01  6.54103913e-01  2.40676233e+02]
 [-3.53570932e-01  6.88217874e-01 -6.33516972e-01  2.55339229e+02]
 [ 0.00000000e+00  0.00000000e+00  0.00000000e+00  1.00000000e+00]]

[[-9.02130661e-01 -1.23913593e-01  4.13286453e-01 -4.94868383e+02]
 [ 2.47292555e-01  6.36434471e-01  7.30614506e-01  1.41719607e+02]
 [-3.53562814e-01  7.61312410e-01 -5.43504141e-01  2.10664417e+02]
 [ 0.00000000e+00  0.00000000e+00  0.00000000e+00  1.00000000e+00]]

[[-9.28663669e-01 -9.61077965e-02  3.58255610e-01 -4.39207750e+02]
 [ 1.82832503e-01  7.21760054e-01  6.67558761e-01  1.79574040e+02]
 [-3.22732190e-01  6.85438338e-01 -6.52700711e-01  2.79675863e+02]
 [ 0.00000000e+00  0.00000000e+00  0.00000000e+00  1.00000000e+00]]

[[-9.15719037e-01 -8.52012645e-02  3.92682302e-01 -4.71087515e+02]
 [ 2.10887267e-01  7.29945477e-01  6.50158567e-01  1.94460262e+02]
 [-3.42031002e-01  6.78174274e-01 -6.50457107e-01  2.79516673e+02]
 [ 0.00000000e+00  0.00000000e+00  0.00000000e+00  1.00000000e+00]]

[[-8.99963177e-01 -1.31854794e-01  4.15548545e-01 -4.86760769e+02]
 [ 2.34828121e-01  6.56468033e-01  7.16872007e-01  1.41607660e+02]
 [-3.67317347e-01  7.42740893e-01 -5.59833843e-01  1.95299855e+02]
 [ 0.00000000e+00  0.00000000e+00  0.00000000e+00  1.00000000e+00]]

[[-9.54053253e-01 -4.85417600e-02  2.95679029e-01 -3.84296464e+02]
 [ 1.37941006e-01  8.04853125e-01  5.77220690e-01  2.58532096e+02]
 [-2.65997498e-01  5.91485540e-01 -7.61176843e-01  3.74971177e+02]
 [ 0.00000000e+00  0.00000000e+00  0.00000000e+00  1.00000000e+00]]

[[-9.44204296e-01 -9.10833531e-02  3.16515514e-01 -4.01131949e+02]
 [ 1.55348545e-01  7.24227856e-01  6.71833940e-01  1.79551279e+02]
 [-2.90422240e-01  6.83518716e-01 -6.69669386e-01  2.91839934e+02]
 [ 0.00000000e+00  0.00000000e+00  0.00000000e+00  1.00000000e+00]]

[[-9.51248570e-01 -1.14397172e-01  2.86425287e-01 -3.74260794e+02]
 [ 1.35404558e-01  6.79492423e-01  7.21079505e-01  1.37666423e+02]
 [-2.77113268e-01  7.24709137e-01 -6.30876298e-01  2.57007505e+02]
 [ 0.00000000e+00  0.00000000e+00  0.00000000e+00  1.00000000e+00]]

[[-9.09659982e-01 -1.03206358e-01  4.02327185e-01 -4.76390244e+02]
 [ 2.18347674e-01  7.05174043e-01  6.74576802e-01  1.74857903e+02]
 [-3.53331303e-01  7.01482727e-01 -6.18933739e-01  2.49875244e+02]
 [ 0.00000000e+00  0.00000000e+00  0.00000000e+00  1.00000000e+00]]

[[-8.83363163e-01 -1.39047136e-01  4.47588446e-01 -5.10608359e+02]
 [ 2.64271661e-01  6.40925287e-01  7.20676950e-01  1.31616125e+02]
 [-3.87078819e-01  7.54904412e-01 -5.29423571e-01  1.72015165e+02]
 [ 0.00000000e+00  0.00000000e+00  0.00000000e+00  1.00000000e+00]]

[[-9.02114537e-01 -1.35324239e-01  4.09727607e-01 -4.59908273e+02]
 [ 2.33252748e-01  6.45921595e-01  7.26896450e-01  1.11623173e+02]
 [-3.63018618e-01  7.51313945e-01 -5.51130510e-01  1.83521389e+02]
 [ 0.00000000e+00  0.00000000e+00  0.00000000e+00  1.00000000e+00]]

[[-8.87758522e-01 -1.08729888e-01  4.47283599e-01 -4.96250535e+02]
 [ 2.48993282e-01  7.03838672e-01  6.65292018e-01  1.64255194e+02]
 [-3.87152620e-01  7.01989270e-01 -5.97765768e-01  2.25228947e+02]
 [ 0.00000000e+00  0.00000000e+00  0.00000000e+00  1.00000000e+00]]

[[-8.93077567e-01 -1.35384517e-01  4.29049522e-01 -4.79996312e+02]
 [ 2.37328031e-01  6.68406730e-01  7.04916909e-01  1.32990329e+02]
 [-3.82214423e-01  7.31370956e-01 -5.64808515e-01  1.96787680e+02]
 [ 0.00000000e+00  0.00000000e+00  0.00000000e+00  1.00000000e+00]]

[[-9.29091471e-01 -1.27152912e-01  3.47305594e-01 -4.13722413e+02]
 [ 1.89140202e-01  6.43613385e-01  7.41611620e-01  1.15948378e+02]
 [-3.17828606e-01  7.54714481e-01 -5.73925979e-01  2.06573223e+02]
 [ 0.00000000e+00  0.00000000e+00  0.00000000e+00  1.00000000e+00]]

[[-9.39072942e-01 -4.52128075e-02  3.40731290e-01 -4.12447432e+02]
 [ 1.76170914e-01  7.87886603e-01  5.90083477e-01  2.46103834e+02]
 [-2.95136949e-01  6.14158369e-01 -7.31917809e-01  3.48050776e+02]
 [ 0.00000000e+00  0.00000000e+00  0.00000000e+00  1.00000000e+00]]

[[-9.38948201e-01 -1.01677689e-01  3.28691228e-01 -3.97335443e+02]
 [ 1.49724619e-01  7.39381111e-01  6.56428299e-01  1.67266332e+02]
 [-3.09772198e-01  6.65565339e-01 -6.79016911e-01  2.88355896e+02]
 [ 0.00000000e+00  0.00000000e+00  0.00000000e+00  1.00000000e+00]]

[[-9.34331341e-01 -8.94946134e-02  3.44986462e-01 -4.06954675e+02]
 [ 1.38826156e-01  8.00123866e-01  5.83548711e-01  2.19500465e+02]
 [-3.28256368e-01  5.93120994e-01 -7.35156612e-01  3.39934881e+02]
 [ 0.00000000e+00  0.00000000e+00  0.00000000e+00  1.00000000e+00]]

[[-9.04391096e-01 -1.28588231e-01  4.06868299e-01 -4.62961428e+02]
 [ 1.94538644e-01  7.24397902e-01  6.61364041e-01  1.51372795e+02]
 [-3.79778174e-01  6.77283357e-01 -6.30123633e-01  2.52489631e+02]
 [ 0.00000000e+00  0.00000000e+00  0.00000000e+00  1.00000000e+00]]

[[-8.76696852e-01 -1.52589792e-01  4.56200597e-01 -5.05243191e+02]
 [ 2.33601037e-01  6.93982567e-01  6.81042401e-01  1.37871808e+02]
 [-4.20515380e-01  7.03636662e-01 -5.72767199e-01  2.02484439e+02]
 [ 0.00000000e+00  0.00000000e+00  0.00000000e+00  1.00000000e+00]]

[[-8.61791811e-01 -1.58348065e-01  4.81913648e-01 -5.27685213e+02]
 [ 2.61836203e-01  6.74822591e-01  6.89968314e-01  1.33330502e+02]
 [-4.34461364e-01  7.20791483e-01 -5.40095327e-01  1.77918952e+02]
 [ 0.00000000e+00  0.00000000e+00  0.00000000e+00  1.00000000e+00]]

[[-8.31382360e-01 -1.58341291e-01  5.32664441e-01 -5.72683822e+02]
 [ 3.17768782e-01  6.50896973e-01  6.89460754e-01  1.41247732e+02]
 [-4.55879779e-01  7.42469640e-01 -4.90828342e-01  1.39655887e+02]
 [ 0.00000000e+00  0.00000000e+00  0.00000000e+00  1.00000000e+00]]

[[-8.75172807e-01 -1.04553234e-01  4.72378216e-01 -5.19643622e+02]
 [ 2.64923290e-01  7.13421247e-01  6.48726271e-01  1.87403225e+02]
 [-4.04831086e-01  6.92891582e-01 -5.96668289e-01  2.30671989e+02]
 [ 0.00000000e+00  0.00000000e+00  0.00000000e+00  1.00000000e+00]]

[[-9.83725318e-01 -8.39657329e-02  1.58852935e-01 -2.50061737e+02]
 [ 4.36460863e-02  7.45945943e-01  6.64574803e-01  1.73390113e+02]
 [-1.74297213e-01  6.60692368e-01 -7.30141134e-01  3.41473934e+02]
 [ 0.00000000e+00  0.00000000e+00  0.00000000e+00  1.00000000e+00]]

[[-8.88864913e-01 -1.11678601e-01  4.44350150e-01 -4.98274255e+02]
 [ 2.40959922e-01  7.10935235e-01  6.60688586e-01  1.76533640e+02]
 [-3.89688956e-01  6.94333480e-01 -6.05015319e-01  2.32595920e+02]
 [ 0.00000000e+00  0.00000000e+00  0.00000000e+00  1.00000000e+00]]

[[-8.74248691e-01 -1.29403204e-01  4.67914562e-01 -5.21349291e+02]
 [ 2.79756945e-01  6.53422801e-01  7.03402229e-01  1.39787892e+02]
 [-3.96768546e-01  7.45850826e-01 -5.35052583e-01  1.76165734e+02]
 [ 0.00000000e+00  0.00000000e+00  0.00000000e+00  1.00000000e+00]]

[[-9.01340230e-01 -8.99578780e-02  4.23666579e-01 -4.84137822e+02]
 [ 2.47591281e-01  6.95580161e-01  6.74438135e-01  1.78278634e+02]
 [-3.55365090e-01  7.12794375e-01 -6.04681596e-01  2.36354692e+02]
 [ 0.00000000e+00  0.00000000e+00  0.00000000e+00  1.00000000e+00]]

[[-9.02984033e-01 -1.13268593e-01  4.14475647e-01 -4.79710622e+02]
 [ 2.66259200e-01  6.09586773e-01  7.46665926e-01  1.30003432e+02]
 [-3.37232671e-01  7.84585363e-01 -5.20288318e-01  1.58940943e+02]
 [ 0.00000000e+00  0.00000000e+00  0.00000000e+00  1.00000000e+00]]

[[-8.72354487e-01 -8.69945229e-02  4.81071307e-01 -5.46135471e+02]
 [ 3.18028567e-01  6.46371418e-01  6.93586202e-01  1.67827751e+02]
 [-3.71288944e-01  7.58047454e-01 -5.36198263e-01  1.77957471e+02]
 [ 0.00000000e+00  0.00000000e+00  0.00000000e+00  1.00000000e+00]]

[[-8.91470539e-01 -7.42948580e-02  4.46945805e-01 -5.16628448e+02]
 [ 2.83634962e-01  6.77741852e-01  6.78393094e-01  1.81088555e+02]
 [-3.53314996e-01  7.31536913e-01 -5.83114275e-01  2.18811934e+02]
 [ 0.00000000e+00  0.00000000e+00  0.00000000e+00  1.00000000e+00]]

[[-9.10782023e-01 -1.84304246e-02  4.12475971e-01 -4.91891738e+02]
 [ 2.69205113e-01  7.30950556e-01  6.27088424e-01  2.23952451e+02]
 [-3.13057046e-01  6.82181503e-01 -6.60775062e-01  2.85232352e+02]
 [ 0.00000000e+00  0.00000000e+00  0.00000000e+00  1.00000000e+00]]

[[-9.49760295e-01 -2.12862641e-04  3.12978172e-01 -4.03271395e+02]
 [ 1.99797964e-01  7.69311706e-01  6.06828042e-01  2.49131725e+02]
 [-2.40906942e-01  6.38873582e-01 -7.30619183e-01  3.48162700e+02]
 [ 0.00000000e+00  0.00000000e+00  0.00000000e+00  1.00000000e+00]]

[[-9.18129511e-01 -4.13430692e-02  3.94117942e-01 -4.65297813e+02]
 [ 2.65449148e-01  6.74280367e-01  6.89117361e-01  1.93440112e+02]
 [-2.94236217e-01  7.37317257e-01 -6.08102221e-01  2.48049882e+02]
 [ 0.00000000e+00  0.00000000e+00  0.00000000e+00  1.00000000e+00]]

[[-9.12885785e-01 -1.24318421e-01  3.88824477e-01 -4.53552205e+02]
 [ 2.67576400e-01  5.37109327e-01  7.99947774e-01  1.05526654e+02]
 [-3.08289497e-01  8.34301205e-01 -4.57054794e-01  1.15627689e+02]
 [ 0.00000000e+00  0.00000000e+00  0.00000000e+00  1.00000000e+00]]

[[-9.31547679e-01 -4.79500884e-02  3.60443769e-01 -4.31340348e+02]
 [ 2.27782151e-01  6.95718119e-01  6.81242681e-01  2.06119293e+02]
 [-2.83432908e-01  7.16712695e-01 -6.37172425e-01  2.73029620e+02]
 [ 0.00000000e+00  0.00000000e+00  0.00000000e+00  1.00000000e+00]]

[[-9.84983620e-01 -1.05693259e-01  1.36514481e-01 -2.34516842e+02]
 [ 6.79355311e-02  4.89648041e-01  8.69269555e-01  4.53584078e+01]
 [-1.58719980e-01  8.65490457e-01 -4.75114972e-01  1.26355116e+02]
 [ 0.00000000e+00  0.00000000e+00  0.00000000e+00  1.00000000e+00]]

[[-8.89438327e-01 -1.69729555e-01  4.24371701e-01 -4.81300230e+02]
 [ 2.80516666e-01  5.30326576e-01  8.00040076e-01  7.14814680e+01]
 [-3.60846037e-01  8.30629642e-01 -4.24080813e-01  7.30033596e+01]
 [ 0.00000000e+00  0.00000000e+00  0.00000000e+00  1.00000000e+00]]

[[-9.47574197e-01 -4.16983598e-02  3.16803391e-01 -3.91634893e+02]
 [ 1.51999474e-01  8.13270704e-01  5.61682226e-01  2.49641989e+02]
 [-2.81068144e-01  5.80389533e-01 -7.64296205e-01  3.63814129e+02]
 [ 0.00000000e+00  0.00000000e+00  0.00000000e+00  1.00000000e+00]]

[[-8.56503499e-01 -1.41140521e-01  4.96468639e-01 -5.49869810e+02]
 [ 2.82355157e-01  6.77067318e-01  6.79599450e-01  1.37290420e+02]
 [-4.32061710e-01  7.22259787e-01 -5.40058773e-01  1.62926457e+02]
 [ 0.00000000e+00  0.00000000e+00  0.00000000e+00  1.00000000e+00]]

[[-8.77249318e-01 -1.20662244e-01  4.64622705e-01 -5.22955470e+02]
 [ 2.57123133e-01  6.99226865e-01  6.67060332e-01  1.47087351e+02]
 [-4.05365674e-01  7.04643466e-01 -5.82371236e-01  2.00800912e+02]
 [ 0.00000000e+00  0.00000000e+00  0.00000000e+00  1.00000000e+00]]

[[-9.38489472e-01 -1.48061809e-01  3.11953862e-01 -3.88474121e+02]
 [ 1.55893821e-01  6.24429420e-01  7.65365936e-01  6.61105808e+01]
 [-3.08114635e-01  7.66919552e-01 -5.62938516e-01  1.80256861e+02]
 [ 0.00000000e+00  0.00000000e+00  0.00000000e+00  1.00000000e+00]]

[[-8.69999160e-01 -1.50447964e-01  4.69538999e-01 -5.30980919e+02]
 [ 2.55091037e-01  6.77604578e-01  6.89768511e-01  1.36970113e+02]
 [-4.21936043e-01  7.19873215e-01 -5.51137487e-01  1.73114586e+02]
 [ 0.00000000e+00  0.00000000e+00  0.00000000e+00  1.00000000e+00]]

[[-8.76330067e-01 -1.08368658e-01  4.69363236e-01 -5.33461452e+02]
 [ 2.65882074e-01  7.03685354e-01  6.58888189e-01  1.76525481e+02]
 [-4.01686864e-01  7.02198802e-01 -5.87847350e-01  2.08012433e+02]
 [ 0.00000000e+00  0.00000000e+00  0.00000000e+00  1.00000000e+00]]

[[-9.24153100e-01 -6.86045965e-02  3.75811730e-01 -4.53233816e+02]
 [ 1.89337916e-01  7.72165451e-01  6.06557227e-01  2.29059088e+02]
 [-3.31801448e-01  6.31707152e-01 -7.00609644e-01  3.10417464e+02]
 [ 0.00000000e+00  0.00000000e+00  0.00000000e+00  1.00000000e+00]]

[[-9.38718801e-01 -7.05106912e-02  3.37394805e-01 -4.19102043e+02]
 [ 1.63739994e-01  7.70130550e-01  6.16512896e-01  2.31167092e+02]
 [-3.03308797e-01  6.33977270e-01 -7.11390606e-01  3.22558394e+02]
 [ 0.00000000e+00  0.00000000e+00  0.00000000e+00  1.00000000e+00]]

[[-9.41672304e-01 -8.83266117e-02  3.24733248e-01 -4.08185927e+02]
 [ 1.70484434e-01  7.06752981e-01  6.86611449e-01  1.80331234e+02]
 [-2.90152254e-01  7.01924949e-01 -6.50471395e-01  2.69138158e+02]
 [ 0.00000000e+00  0.00000000e+00  0.00000000e+00  1.00000000e+00]]

[[-9.30548098e-01 -8.20420578e-02  3.56860389e-01 -4.37350122e+02]
 [ 1.86420904e-01  7.32672678e-01  6.54551749e-01  2.08055430e+02]
 [-3.15162630e-01  6.75618122e-01 -6.66492813e-01  2.83433117e+02]
 [ 0.00000000e+00  0.00000000e+00  0.00000000e+00  1.00000000e+00]]

[[-9.86230995e-01 -1.20826238e-01  1.12913434e-01 -2.22821268e+02]
 [ 2.28868588e-02  5.76484989e-01  8.16787150e-01  7.44469549e+01]
 [-1.63782219e-01  8.08125038e-01 -5.65782032e-01  1.90002245e+02]
 [ 0.00000000e+00  0.00000000e+00  0.00000000e+00  1.00000000e+00]]

[[-9.15961479e-01 -1.19962360e-01  3.82914614e-01 -4.60281042e+02]
 [ 2.26037488e-01  6.34203202e-01  7.39387147e-01  1.37280132e+02]
 [-3.31544302e-01  7.63803202e-01 -5.53789712e-01  1.83583263e+02]
 [ 0.00000000e+00  0.00000000e+00  0.00000000e+00  1.00000000e+00]]

[[-9.34157911e-01 -8.89948009e-02  3.45584901e-01 -4.28482093e+02]
 [ 1.88777009e-01  6.98576493e-01  6.90184123e-01  1.83548295e+02]
 [-3.02840287e-01  7.09979442e-01 -6.35780585e-01  2.61217902e+02]
 [ 0.00000000e+00  0.00000000e+00  0.00000000e+00  1.00000000e+00]]

[[-9.47671913e-01 -6.45315657e-02  3.12655756e-01 -4.01275755e+02]
 [ 1.67076821e-01  7.34276038e-01  6.57969632e-01  2.27404752e+02]
 [-2.72035440e-01  6.75776870e-01 -6.85071049e-01  3.11139701e+02]
 [ 0.00000000e+00  0.00000000e+00  0.00000000e+00  1.00000000e+00]]

[[-9.52683825e-01 -9.56542894e-02  2.88519992e-01 -3.77120134e+02]
 [ 1.64410338e-01  6.36202583e-01  7.53800713e-01  1.60272406e+02]
 [-2.55661435e-01  7.65569416e-01 -5.90373356e-01  2.31045146e+02]
 [ 0.00000000e+00  0.00000000e+00  0.00000000e+00  1.00000000e+00]]

[[-9.20695238e-01 -1.09452427e-01  3.74620400e-01 -4.49778009e+02]
 [ 2.25474395e-01  6.34309128e-01  7.39468206e-01  1.69537574e+02]
 [-3.18561729e-01  7.65292164e-01 -5.59326674e-01  1.99903458e+02]
 [ 0.00000000e+00  0.00000000e+00  0.00000000e+00  1.00000000e+00]]

[[-9.57835365e-01 -6.92584733e-02  2.78845257e-01 -3.65680838e+02]
 [ 1.50359942e-01  7.06177727e-01  6.91885038e-01  2.11002653e+02]
 [-2.44833211e-01  7.04639114e-01 -6.65988301e-01  2.92027483e+02]
 [ 0.00000000e+00  0.00000000e+00  0.00000000e+00  1.00000000e+00]]

[[-9.59597556e-01 -4.56171205e-02  2.77653756e-01 -3.68242834e+02]
 [ 1.53807529e-01  7.41259626e-01  6.53358562e-01  2.39924981e+02]
 [-2.35617855e-01  6.69666518e-01 -7.04294670e-01  3.29457956e+02]
 [ 0.00000000e+00  0.00000000e+00  0.00000000e+00  1.00000000e+00]]

[[-9.13552446e-01 -9.13714967e-02  3.96324588e-01 -4.71223723e+02]
 [ 2.49129975e-01  6.44528068e-01  7.22853945e-01  1.90519962e+02]
 [-3.21490568e-01  7.59101324e-01 -5.66046814e-01  2.08529528e+02]
 [ 0.00000000e+00  0.00000000e+00  0.00000000e+00  1.00000000e+00]]

[[-9.26772668e-01 -3.86795888e-02  3.73625898e-01 -4.57054870e+02]
 [ 2.36053326e-01  7.13755614e-01  6.59417736e-01  2.50276371e+02]
 [-2.92183589e-01  6.99325970e-01 -6.52358749e-01  2.93852740e+02]
 [ 0.00000000e+00  0.00000000e+00  0.00000000e+00  1.00000000e+00]]

[[-9.47812193e-01 -5.69682532e-02  3.13698367e-01 -4.02228204e+02]
 [ 1.97595862e-01  6.67207849e-01  7.18184908e-01  2.12968461e+02]
 [-2.50215752e-01  7.42689912e-01 -6.21131043e-01  2.61880035e+02]
 [ 0.00000000e+00  0.00000000e+00  0.00000000e+00  1.00000000e+00]]

[[-9.35351193e-01 -8.50024076e-02  3.43355117e-01 -4.25874041e+02]
 [ 2.21175620e-01  6.16981571e-01  7.55258291e-01  1.78830429e+02]
 [-2.76042553e-01  7.82373525e-01 -5.58293988e-01  2.05141536e+02]
 [ 0.00000000e+00  0.00000000e+00  0.00000000e+00  1.00000000e+00]]

[[-9.45685133e-01 -1.21938580e-02  3.24855259e-01 -4.12025127e+02]
 [ 2.03440832e-01  7.57227598e-01  6.20659482e-01  2.91034390e+02]
 [-2.53557601e-01  6.53037269e-01 -7.13618153e-01  3.43281055e+02]
 [ 0.00000000e+00  0.00000000e+00  0.00000000e+00  1.00000000e+00]]

[[-9.34996760e-01 -6.53745830e-02  3.48578862e-01 -4.31799852e+02]
 [ 2.25031463e-01  6.50316229e-01  7.25568497e-01  2.00639762e+02]
 [-2.74120229e-01  7.56845405e-01 -5.93332229e-01  2.38330058e+02]
 [ 0.00000000e+00  0.00000000e+00  0.00000000e+00  1.00000000e+00]]

[[-9.14062671e-01 -1.08417927e-01  3.90813238e-01 -4.71394531e+02]
 [ 2.62023607e-01  5.77647932e-01  7.73088932e-01  1.63366993e+02]
 [-3.09569158e-01  8.09054028e-01 -4.99598355e-01  1.61260667e+02]
 [ 0.00000000e+00  0.00000000e+00  0.00000000e+00  1.00000000e+00]]

[[-9.24755901e-01 -7.69155769e-02  3.72707014e-01 -4.56512596e+02]
 [ 2.67537725e-01  5.65109030e-01  7.80432796e-01  1.95468095e+02]
 [-2.70647538e-01  8.21423020e-01 -5.02010092e-01  1.69719634e+02]
 [ 0.00000000e+00  0.00000000e+00  0.00000000e+00  1.00000000e+00]]

[[-9.64434422e-01 -3.75479819e-02  2.61641730e-01 -3.62563899e+02]
 [ 1.54118974e-01  7.24299638e-01  6.72039714e-01  2.75958290e+02]
 [-2.14740745e-01  6.88462188e-01 -6.92752646e-01  3.36489520e+02]
 [ 0.00000000e+00  0.00000000e+00  0.00000000e+00  1.00000000e+00]]

[[-9.59724513e-01 -4.65757754e-02  2.77055150e-01 -3.77080558e+02]
 [ 1.80880680e-01  6.52138026e-01  7.36205253e-01  2.19912674e+02]
 [-2.14967529e-01  7.56668152e-01 -6.17448191e-01  2.69630605e+02]
 [ 0.00000000e+00  0.00000000e+00  0.00000000e+00  1.00000000e+00]]

[[-9.64511704e-01 -4.83271292e-02  2.59579780e-01 -3.61586811e+02]
 [ 1.63372032e-01  6.63096880e-01  7.30487582e-01  2.28174551e+02]
 [-2.07428910e-01  7.46971898e-01 -6.31669400e-01  2.80438134e+02]
 [ 0.00000000e+00  0.00000000e+00  0.00000000e+00  1.00000000e+00]]

[[-9.24630342e-01 -9.24175064e-02  3.69483065e-01 -4.56665952e+02]
 [ 2.59507829e-01  5.57198125e-01  7.88787637e-01  1.80469464e+02]
 [-2.78773058e-01  8.25220730e-01 -4.91219226e-01  1.55153024e+02]
 [ 0.00000000e+00  0.00000000e+00  0.00000000e+00  1.00000000e+00]]

[[-9.73079527e-01 -2.86075993e-02  2.28687208e-01 -3.35874453e+02]
 [ 1.44366671e-01  6.97811020e-01  7.01582529e-01  2.51051751e+02]
 [-1.79651046e-01  7.15710407e-01 -6.74895633e-01  3.18883505e+02]
 [ 0.00000000e+00  0.00000000e+00  0.00000000e+00  1.00000000e+00]]

[[-9.74853559e-01 -6.68244435e-02  2.12591231e-01 -3.18971296e+02]
 [ 1.36771457e-01  5.73755071e-01  8.07526277e-01  1.68869653e+02]
 [-1.75937791e-01  8.16296277e-01 -5.50187496e-01  2.03846128e+02]
 [ 0.00000000e+00  0.00000000e+00  0.00000000e+00  1.00000000e+00]]

[[-9.53510300e-01 -2.25693989e-02  3.00514109e-01 -3.98237724e+02]
 [ 2.07960139e-01  6.72431029e-01  7.10344348e-01  2.44470449e+02]
 [-2.18107057e-01  7.39815608e-01 -6.36476377e-01  2.84205076e+02]
 [ 0.00000000e+00  0.00000000e+00  0.00000000e+00  1.00000000e+00]]

[[-9.51777517e-01 -5.42550255e-02  3.01953555e-01 -3.98862156e+02]
 [ 1.99210696e-01  6.39213711e-01  7.42779193e-01  2.15864850e+02]
 [-2.33312357e-01  7.67112915e-01 -5.97581058e-01  2.51347268e+02]
 [ 0.00000000e+00  0.00000000e+00  0.00000000e+00  1.00000000e+00]]

[[-9.24353149e-01 -9.92206881e-02  3.68410791e-01 -4.54516474e+02]
 [ 2.68495712e-01  5.16871592e-01  8.12867646e-01  1.59965423e+02]
 [-2.71074359e-01  8.50293486e-01 -4.51131555e-01  1.20694430e+02]
 [ 0.00000000e+00  0.00000000e+00  0.00000000e+00  1.00000000e+00]]

[[-9.33113406e-01 -1.18695568e-01  3.39427067e-01 -4.28519943e+02]
 [ 2.48934725e-01  4.67937861e-01  8.47977394e-01  1.31655013e+02]
 [-2.59481934e-01  8.75754258e-01 -4.07091643e-01  8.12479697e+01]
 [ 0.00000000e+00  0.00000000e+00  0.00000000e+00  1.00000000e+00]]

[[-9.64349329e-01 -6.52686200e-02  2.56457362e-01 -3.57597011e+02]
 [ 1.65398732e-01  6.07842592e-01  7.76640614e-01  1.89891212e+02]
 [-2.06575969e-01  7.91370577e-01 -5.75377249e-01  2.29620479e+02]
 [ 0.00000000e+00  0.00000000e+00  0.00000000e+00  1.00000000e+00]]

[[-9.68260094e-01 -2.52341997e-02  2.48667703e-01 -3.57591341e+02]
 [ 1.26162802e-01  8.09504475e-01  5.73398163e-01  3.43838987e+02]
 [-2.15766862e-01  5.86571173e-01 -7.80627261e-01  4.25501658e+02]
 [ 0.00000000e+00  0.00000000e+00  0.00000000e+00  1.00000000e+00]]

[[-9.62837824e-01 -3.97407089e-02  2.67140414e-01 -3.68442336e+02]
 [ 1.74729361e-01  6.62571587e-01  7.28332714e-01  2.28301056e+02]
 [-2.05944106e-01  7.47943559e-01 -6.31005116e-01  2.80232518e+02]
 [ 0.00000000e+00  0.00000000e+00  0.00000000e+00  1.00000000e+00]]

[[-9.30470092e-01 -9.12996255e-02  3.54809506e-01 -4.43252467e+02]
 [ 2.55008025e-01  5.33952489e-01  8.06142448e-01  1.65157477e+02]
 [-2.63051922e-01  8.40570709e-01 -4.73544685e-01  1.40252552e+02]
 [ 0.00000000e+00  0.00000000e+00  0.00000000e+00  1.00000000e+00]]

[[-9.46559503e-01 -6.05792526e-02  3.16788984e-01 -4.10900999e+02]
 [ 2.17664181e-01  6.04823006e-01  7.66036184e-01  1.99694696e+02]
 [-2.38007165e-01  7.94052445e-01 -5.59315031e-01  2.15133415e+02]
 [ 0.00000000e+00  0.00000000e+00  0.00000000e+00  1.00000000e+00]]

[[-9.60541698e-01 -6.63986360e-02  2.70094182e-01 -3.70125915e+02]
 [ 1.76011385e-01  6.06796086e-01  7.75124830e-01  1.90787172e+02]
 [-2.15359324e-01  7.92079372e-01 -5.71166027e-01  2.25965272e+02]
 [ 0.00000000e+00  0.00000000e+00  0.00000000e+00  1.00000000e+00]]

[[-9.29660447e-01 -8.97773331e-02  3.57311466e-01 -4.46054420e+02]
 [ 2.50656411e-01  5.56654802e-01  7.92027016e-01  1.75926417e+02]
 [-2.70005217e-01  8.25878600e-01 -4.94996688e-01  1.59764762e+02]
 [ 0.00000000e+00  0.00000000e+00  0.00000000e+00  1.00000000e+00]]

[[-9.32567803e-01 -1.39575052e-01  3.32920558e-01 -4.22686111e+02]
 [ 2.49297372e-01  4.18002580e-01  8.73570068e-01  1.10046714e+02]
 [-2.61090240e-01  8.97659539e-01 -3.55020054e-01  3.55964884e+01]
 [ 0.00000000e+00  0.00000000e+00  0.00000000e+00  1.00000000e+00]]

[[-9.59457140e-01 -4.70206862e-02  2.77904753e-01 -3.77901388e+02]
 [ 1.81342250e-01  6.51828555e-01  7.36365753e-01  2.21265328e+02]
 [-2.15770676e-01  7.56907253e-01 -6.16874725e-01  2.67934531e+02]
 [ 0.00000000e+00  0.00000000e+00  0.00000000e+00  1.00000000e+00]]

[[-9.69746455e-01 -3.51791858e-02  2.41566217e-01 -3.45881059e+02]
 [ 1.57734727e-01  6.64943658e-01  7.30047730e-01  2.28360272e+02]
 [-1.86310409e-01  7.46064579e-01 -6.39277776e-01  2.86491002e+02]
 [ 0.00000000e+00  0.00000000e+00  0.00000000e+00  1.00000000e+00]]

[[-9.20891796e-01 -8.65247672e-02  3.80094415e-01 -4.66350193e+02]
 [ 2.70805373e-01  5.59362405e-01  7.83439946e-01  1.81240258e+02]
 [-2.80397485e-01  8.24395029e-01 -4.91680878e-01  1.58464124e+02]
 [ 0.00000000e+00  0.00000000e+00  0.00000000e+00  1.00000000e+00]]

[[-9.69660504e-01 -4.54538547e-02  2.40192536e-01 -3.44752126e+02]
 [ 1.52785157e-01  6.54323705e-01  7.40619461e-01  2.19184681e+02]
 [-1.90827680e-01  7.54847294e-01 -6.27527179e-01  2.76239801e+02]
 [ 0.00000000e+00  0.00000000e+00  0.00000000e+00  1.00000000e+00]]

[[-8.94226307e-01 -1.09469190e-01  4.34022820e-01 -5.13045274e+02]
 [ 3.32006943e-01  4.88128657e-01  8.07156617e-01  1.61873121e+02]
 [-3.00217757e-01  8.65879270e-01 -4.00152955e-01  7.80524454e+01]
 [ 0.00000000e+00  0.00000000e+00  0.00000000e+00  1.00000000e+00]]

[[-9.10869061e-01 -6.41600083e-02  4.07677626e-01 -4.92204919e+02]
 [ 3.01038499e-01  5.72426931e-01  7.62694717e-01  1.96246752e+02]
 [-2.82300152e-01  8.17441681e-01 -5.02091349e-01  1.68944350e+02]
 [ 0.00000000e+00  0.00000000e+00  0.00000000e+00  1.00000000e+00]]

[[-9.27018278e-01 -6.66825015e-02  3.69040046e-01 -4.58011112e+02]
 [ 2.56211806e-01  6.05976929e-01  7.53091941e-01  2.05428081e+02]
 [-2.73847809e-01  7.92682411e-01 -5.44666846e-01  2.06648861e+02]
 [ 0.00000000e+00  0.00000000e+00  0.00000000e+00  1.00000000e+00]]

[[-9.52450437e-01 -4.34040414e-02  3.01586229e-01 -3.98927140e+02]
 [ 1.97683728e-01  6.65175367e-01  7.20043661e-01  2.35120021e+02]
 [-2.31860535e-01  7.45424590e-01 -6.24966297e-01  2.75479407e+02]
 [ 0.00000000e+00  0.00000000e+00  0.00000000e+00  1.00000000e+00]]

[[-9.42457697e-01 -1.02702334e-01  3.18159896e-01 -4.10556466e+02]
 [ 2.33705994e-01  4.78126156e-01  8.46626770e-01  1.31738078e+02]
 [-2.39071113e-01  8.72265791e-01 -4.26611525e-01  9.85357733e+01]
 [ 0.00000000e+00  0.00000000e+00  0.00000000e+00  1.00000000e+00]]

[[-9.47116366e-01 -6.24924960e-02  3.14746370e-01 -4.08824712e+02]
 [ 2.14632922e-01  6.05777585e-01  7.66137212e-01  1.98307178e+02]
 [-2.38544122e-01  7.93176025e-01 -5.60328917e-01  2.16779462e+02]
 [ 0.00000000e+00  0.00000000e+00  0.00000000e+00  1.00000000e+00]]

[[-8.96918823e-01 -1.22841315e-01  4.24790108e-01 -5.05459429e+02]
 [ 3.24755421e-01  4.68995714e-01  8.21326328e-01  1.47386845e+02]
 [-3.00117546e-01  8.74615934e-01 -3.80757701e-01  6.27633659e+01]
 [ 0.00000000e+00  0.00000000e+00  0.00000000e+00  1.00000000e+00]]

[[-9.47654725e-01 -6.62799596e-02  3.12341943e-01 -4.06330091e+02]
 [ 2.13417026e-01  5.96119536e-01  7.74012062e-01  1.92921178e+02]
 [-2.37494622e-01  8.00155276e-01 -5.50770223e-01  2.07588650e+02]
 [ 0.00000000e+00  0.00000000e+00  0.00000000e+00  1.00000000e+00]]

[[-9.58151075e-01 -5.16303477e-02  2.81568508e-01 -3.80764741e+02]
 [ 1.88983324e-01  6.24709306e-01  7.57643443e-01  2.03704234e+02]
 [-2.15015862e-01  7.79148632e-01 -5.88808618e-01  2.42933110e+02]
 [ 0.00000000e+00  0.00000000e+00  0.00000000e+00  1.00000000e+00]]

[[-9.60626245e-01 -5.60113188e-02  2.72139578e-01 -3.72252795e+02]
 [ 1.80041477e-01  6.20519777e-01  7.63243260e-01  2.00776082e+02]
 [-2.11618252e-01  7.82187918e-01 -5.86003222e-01  2.39198124e+02]
 [ 0.00000000e+00  0.00000000e+00  0.00000000e+00  1.00000000e+00]]

[[-8.97774344e-01 -1.15384721e-01  4.25073634e-01 -5.05923427e+02]
 [ 3.24702621e-01  4.78701998e-01  8.15728267e-01  1.53377954e+02]
 [-2.97606176e-01  8.70362432e-01 -3.92300651e-01  7.17808532e+01]
 [ 0.00000000e+00  0.00000000e+00  0.00000000e+00  1.00000000e+00]]

[[-9.22987182e-01 -9.70135445e-02  3.72401710e-01 -4.59261375e+02]
 [ 2.69681258e-01  5.27281298e-01  8.05758309e-01  1.63141227e+02]
 [-2.74529926e-01  8.44134352e-01 -4.60511145e-01  1.30648374e+02]
 [ 0.00000000e+00  0.00000000e+00  0.00000000e+00  1.00000000e+00]]

[[-9.65500836e-01 -6.24266638e-02  2.52806344e-01 -3.54582145e+02]
 [ 1.63170174e-01  6.11565744e-01  7.74185272e-01  1.91886425e+02]
 [-2.02937504e-01  7.88726982e-01 -5.80281068e-01  2.33797748e+02]
 [ 0.00000000e+00  0.00000000e+00  0.00000000e+00  1.00000000e+00]]

[[-9.20265170e-01 -1.17887548e-01  3.73114651e-01 -4.58213586e+02]
 [ 2.78071552e-01  4.73834981e-01  8.35557672e-01  1.40887906e+02]
 [-2.75296619e-01  8.72687193e-01 -4.03272656e-01  7.89522505e+01]
 [ 0.00000000e+00  0.00000000e+00  0.00000000e+00  1.00000000e+00]]

[[-8.99695267e-01 -1.03943986e-01  4.23962350e-01 -5.04952830e+02]
 [ 3.25286767e-01  4.88031594e-01  8.09946716e-01  1.58417289e+02]
 [-2.91096111e-01  8.66614569e-01 -4.05268112e-01  8.29254836e+01]
 [ 0.00000000e+00  0.00000000e+00  0.00000000e+00  1.00000000e+00]]

[[-9.66750443e-01 -6.92831073e-02  2.46157333e-01 -3.48521623e+02]
 [ 1.59439936e-01  5.89283063e-01  7.92038117e-01  1.78383650e+02]
 [-1.99931209e-01  8.04950510e-01 -5.58643168e-01  2.14002255e+02]
 [ 0.00000000e+00  0.00000000e+00  0.00000000e+00  1.00000000e+00]]

[[-9.20881429e-01 -9.21293582e-02  3.78800179e-01 -4.64446626e+02]
 [ 2.57893674e-01  5.84707348e-01  7.69160692e-01  1.96158380e+02]
 [-2.92349529e-01  8.05995967e-01 -5.14686559e-01  1.77146627e+02]
 [ 0.00000000e+00  0.00000000e+00  0.00000000e+00  1.00000000e+00]]

[[-9.24507330e-01 -1.11361453e-01  3.64533707e-01 -4.51181649e+02]
 [ 2.73318453e-01  4.72915836e-01  8.37644098e-01  1.39701408e+02]
 [-2.65675027e-01  8.74041898e-01 -4.06777017e-01  8.10848756e+01]
 [ 0.00000000e+00  0.00000000e+00  0.00000000e+00  1.00000000e+00]]

[[-9.40054674e-01 -6.97010278e-02  3.33824770e-01 -4.26019385e+02]
 [ 2.30579419e-01  5.91310661e-01  7.72777351e-01  1.91826924e+02]
 [-2.51257521e-01  8.03426082e-01 -5.39792728e-01  1.99058867e+02]
 [ 0.00000000e+00  0.00000000e+00  0.00000000e+00  1.00000000e+00]]

[[-9.16522591e-01 -8.41486277e-02  3.91031134e-01 -4.76395228e+02]
 [ 2.78277413e-01  5.68085536e-01  7.74493709e-01  1.87997348e+02]
 [-2.87311714e-01  8.18656114e-01 -4.97246565e-01  1.64245554e+02]
 [ 0.00000000e+00  0.00000000e+00  0.00000000e+00  1.00000000e+00]]

[[-9.44728007e-01 -5.05987788e-02  3.23927086e-01 -4.18281641e+02]
 [ 2.21092340e-01  6.31232703e-01  7.43413379e-01  2.14163821e+02]
 [-2.42089179e-01  7.73941237e-01 -5.85156211e-01  2.40633588e+02]
 [ 0.00000000e+00  0.00000000e+00  0.00000000e+00  1.00000000e+00]]

[[-8.72855592e-01 -1.01262998e-01  4.77356177e-01 -5.50914515e+02]
 [ 3.63423406e-01  5.17915993e-01  7.74394249e-01  1.88053931e+02]
 [-3.25647882e-01  8.49416759e-01 -4.15264527e-01  9.27389659e+01]
 [ 0.00000000e+00  0.00000000e+00  0.00000000e+00  1.00000000e+00]]

[[-9.44666883e-01 -7.85402220e-02  3.18490051e-01 -4.12224237e+02]
 [ 2.23323111e-01  5.57182651e-01  7.99796400e-01  1.69338182e+02]
 [-2.40273318e-01  8.26667362e-01 -5.08812152e-01  1.71692680e+02]
 [ 0.00000000e+00  0.00000000e+00  0.00000000e+00  1.00000000e+00]]

[[-9.34574886e-01 -1.24681374e-01  3.33203148e-01 -4.23115915e+02]
 [ 2.49144223e-01  4.39202737e-01  8.63150110e-01  1.18445264e+02]
 [-2.53962476e-01  8.89694054e-01 -3.79404204e-01  5.70049468e+01]
 [ 0.00000000e+00  0.00000000e+00  0.00000000e+00  1.00000000e+00]]

[[-9.49913183e-01 -7.28534740e-02  3.03903464e-01 -3.98216838e+02]
 [ 2.07732797e-01  5.79315009e-01  7.88188560e-01  1.82667456e+02]
 [-2.33478113e-01  8.11841421e-01 -5.35164908e-01  1.92827531e+02]
 [ 0.00000000e+00  0.00000000e+00  0.00000000e+00  1.00000000e+00]]

[[-8.99098485e-01 -8.74032812e-02  4.28931907e-01 -5.10133430e+02]
 [ 3.20464978e-01  5.36079873e-01  7.80974114e-01  1.81243735e+02]
 [-2.98201463e-01  8.39630297e-01 -4.53978911e-01  1.27061905e+02]
 [ 0.00000000e+00  0.00000000e+00  0.00000000e+00  1.00000000e+00]]

[[-9.14616995e-01 -1.24819443e-01  3.84572308e-01 -4.70120376e+02]
 [ 2.93967005e-01  4.47745973e-01  8.44456596e-01  1.30585990e+02]
 [-2.77595305e-01  8.85405924e-01 -3.72823279e-01  5.32332021e+01]
 [ 0.00000000e+00  0.00000000e+00  0.00000000e+00  1.00000000e+00]]

[[-9.16514708e-01 -9.35892798e-02  3.88898235e-01 -4.73750639e+02]
 [ 2.80323784e-01  5.43269131e-01  7.91376792e-01  1.75998248e+02]
 [-2.85340790e-01  8.34325894e-01 -4.71678848e-01  1.39787619e+02]
 [ 0.00000000e+00  0.00000000e+00  0.00000000e+00  1.00000000e+00]]

[[-9.45120127e-01 -5.13810852e-02  3.22657603e-01 -4.23959288e+02]
 [ 2.07809951e-01  6.67515783e-01  7.15008883e-01  2.29230763e+02]
 [-2.52116975e-01  7.42820748e-01 -6.20205101e-01  2.77690561e+02]
 [ 0.00000000e+00  0.00000000e+00  0.00000000e+00  1.00000000e+00]]

[[-9.76242406e-01 -1.60125015e-01  1.45981999e-01 -2.89835860e+02]
 [ 1.05825910e-01  2.35558134e-01  9.66081385e-01 -1.46635660e+00]
 [-1.89081044e-01  9.58578294e-01 -2.13016464e-01 -5.96665125e+01]
 [ 0.00000000e+00  0.00000000e+00  0.00000000e+00  1.00000000e+00]]

[[-9.27896068e-01 -9.20724909e-02  3.61291493e-01 -4.77950031e+02]
 [ 2.68095696e-01  5.08649193e-01  8.18169113e-01  1.23437637e+02]
 [-2.59101494e-01  8.56036597e-01 -4.47289347e-01  1.43700490e+02]
 [ 0.00000000e+00  0.00000000e+00  0.00000000e+00  1.00000000e+00]]

[[-9.34926841e-01 -6.70838296e-02  3.48441618e-01 -4.68827318e+02]
 [ 2.36906020e-01  6.13051833e-01  7.53686266e-01  1.78525354e+02]
 [-2.64172934e-01  7.87189437e-01 -5.57266051e-01  2.40316653e+02]
 [ 0.00000000e+00  0.00000000e+00  0.00000000e+00  1.00000000e+00]]

[[-9.14964578e-01 -1.06777747e-01  3.89150786e-01 -4.74920473e+02]
 [ 2.64885448e-01  5.68589964e-01  7.78807519e-01  1.70305741e+02]
 [-3.04426544e-01  8.15661673e-01 -4.91955805e-01  1.69346739e+02]
 [ 0.00000000e+00  0.00000000e+00  0.00000000e+00  1.00000000e+00]]

[[-9.71298750e-01 -6.19742940e-02  2.29647391e-01 -3.37050665e+02]
 [ 1.43381595e-01  6.17793420e-01  7.73157816e-01  1.74389327e+02]
 [-1.89790557e-01  7.83894430e-01 -5.91176004e-01  2.56499615e+02]
 [ 0.00000000e+00  0.00000000e+00  0.00000000e+00  1.00000000e+00]]

[[-8.63251901e-01 -8.64836966e-02  4.97309487e-01 -5.82846004e+02]
 [ 3.87357155e-01  5.18203200e-01  7.62508936e-01  1.65515548e+02]
 [-3.23651959e-01  8.50873677e-01 -4.13839819e-01  1.14475392e+02]
 [ 0.00000000e+00  0.00000000e+00  0.00000000e+00  1.00000000e+00]]

[[-9.65539026e-01 -6.38243253e-02  2.52311007e-01 -3.60313777e+02]
 [ 1.56368491e-01  6.32709557e-01  7.58437546e-01  1.79838059e+02]
 [-2.08046350e-01  7.71754541e-01 -6.00925656e-01  2.71997021e+02]
 [ 0.00000000e+00  0.00000000e+00  0.00000000e+00  1.00000000e+00]]

[[-9.85984749e-01 -7.12329536e-02  1.50863983e-01 -2.73110898e+02]
 [ 7.28712474e-02  6.29570329e-01  7.73518573e-01  1.67825372e+02]
 [-1.50079500e-01  7.73671162e-01 -6.15555908e-01  2.99373764e+02]
 [ 0.00000000e+00  0.00000000e+00  0.00000000e+00  1.00000000e+00]]

[[-8.94043334e-01 -1.26508925e-01  4.29746446e-01 -5.19439272e+02]
 [ 3.14091184e-01  5.06995992e-01  8.02684117e-01  1.36039622e+02]
 [-3.19426430e-01  8.52613955e-01 -4.13541050e-01  1.41285312e+02]
 [ 0.00000000e+00  0.00000000e+00  0.00000000e+00  1.00000000e+00]]

[[-9.56843060e-01 -2.13696563e-01  1.96939427e-01 -3.12706118e+02]
 [ 1.46639850e-01  2.30037703e-01  9.62070377e-01  3.54658019e+00]
 [-2.50894627e-01  9.49429531e-01 -1.88773548e-01 -5.36117878e+01]
 [ 0.00000000e+00  0.00000000e+00  0.00000000e+00  1.00000000e+00]]

[[-9.35073926e-01 -1.06397956e-01  3.38106829e-01 -4.35888934e+02]
 [ 2.23038900e-01  5.64741260e-01  7.94557083e-01  1.45833839e+02]
 [-2.75482126e-01  8.18380586e-01 -5.04343944e-01  2.19997639e+02]
 [ 0.00000000e+00  0.00000000e+00  0.00000000e+00  1.00000000e+00]]

[[-9.38630183e-01 -1.13927099e-01  3.25567192e-01 -4.24946143e+02]
 [ 2.05776726e-01  5.72554086e-01  7.93623184e-01  1.46482089e+02]
 [-2.76820013e-01  8.11912825e-01 -5.13973001e-01  2.29288114e+02]
 [ 0.00000000e+00  0.00000000e+00  0.00000000e+00  1.00000000e+00]]

[[-9.22424086e-01 -1.81253420e-01  3.41000004e-01 -4.38194441e+02]
 [ 2.52253008e-01  3.85802461e-01  8.87425986e-01  6.65458847e+01]
 [-2.92407636e-01  9.04601381e-01 -3.10151762e-01  5.05624223e+01]
 [ 0.00000000e+00  0.00000000e+00  0.00000000e+00  1.00000000e+00]]

[[-9.37489919e-01 -1.11093436e-01  3.29804337e-01 -4.29741555e+02]
 [ 2.14782993e-01  5.60963012e-01  7.99492818e-01  1.41496792e+02]
 [-2.73826438e-01  8.20352819e-01 -5.02036188e-01  2.18081698e+02]
 [ 0.00000000e+00  0.00000000e+00  0.00000000e+00  1.00000000e+00]]

[[-9.38946216e-01 -1.27264675e-01  3.19661863e-01 -4.20265878e+02]
 [ 2.05669209e-01  5.37208889e-01  8.17989478e-01  1.26118073e+02]
 [-2.75826359e-01  8.33792727e-01 -4.78235828e-01  1.97369826e+02]
 [ 0.00000000e+00  0.00000000e+00  0.00000000e+00  1.00000000e+00]]

[[-9.52068389e-01 -9.84483551e-02  2.89609573e-01 -3.95420798e+02]
 [ 1.79623652e-01  5.86417083e-01  7.89841977e-01  1.48292791e+02]
 [-2.47590645e-01  8.04004307e-01 -5.40625515e-01  2.52392849e+02]
 [ 0.00000000e+00  0.00000000e+00  0.00000000e+00  1.00000000e+00]]

[[-9.24902597e-01 -1.23684709e-01  3.59523685e-01 -4.56112591e+02]
 [ 2.41356679e-01  5.39640076e-01  8.06557836e-01  1.33376337e+02]
 [-2.93772259e-01  8.32760879e-01 -4.69262377e-01  1.90543536e+02]
 [ 0.00000000e+00  0.00000000e+00  0.00000000e+00  1.00000000e+00]]

[[-9.60955601e-01 -9.81195748e-02  2.58721631e-01 -3.67187477e+02]
 [ 1.58951875e-01  5.69599971e-01  8.06405713e-01  1.35963509e+02]
 [-2.26492019e-01  8.16044375e-01 -5.31763992e-01  2.43950516e+02]
 [ 0.00000000e+00  0.00000000e+00  0.00000000e+00  1.00000000e+00]]

[[-8.84574020e-01 -1.47888612e-01  4.42332185e-01 -5.29362327e+02]
 [ 3.28745409e-01  4.75042039e-01  8.16248441e-01  1.22278952e+02]
 [-3.30840232e-01  8.67446840e-01 -3.71592144e-01  1.06599864e+02]
 [ 0.00000000e+00  0.00000000e+00  0.00000000e+00  1.00000000e+00]]

[[-9.21259590e-01 -1.32135723e-01  3.65815415e-01 -4.59838742e+02]
 [ 2.50528001e-01  5.17840319e-01  8.17971347e-01  1.26970149e+02]
 [-2.97517207e-01  8.45210953e-01 -4.43961662e-01  1.67070843e+02]
 [ 0.00000000e+00  0.00000000e+00  0.00000000e+00  1.00000000e+00]]

[[-9.35379804e-01 -1.12058723e-01  3.35421324e-01 -4.34000348e+02]
 [ 2.15266748e-01  5.72093268e-01  7.91435101e-01  1.48395585e+02]
 [-2.80579489e-01  8.12497468e-01 -5.11001972e-01  2.26129151e+02]
 [ 0.00000000e+00  0.00000000e+00  0.00000000e+00  1.00000000e+00]]

[[-9.42354200e-01 -1.14188109e-01  3.14530822e-01 -4.15235462e+02]
 [ 2.01116213e-01  5.57968490e-01  8.05123241e-01  1.38627463e+02]
 [-2.67433789e-01  8.21968515e-01 -5.02838870e-01  2.17738891e+02]
 [ 0.00000000e+00  0.00000000e+00  0.00000000e+00  1.00000000e+00]]

[[-9.43445539e-01 -1.16207372e-01  3.10493740e-01 -3.97876485e+02]
 [ 1.85425729e-01  5.91405523e-01  7.84765447e-01  1.36211804e+02]
 [-2.74823243e-01  7.97956987e-01 -5.36411066e-01  2.39016571e+02]
 [ 0.00000000e+00  0.00000000e+00  0.00000000e+00  1.00000000e+00]]

[[-9.33490758e-01 -8.23450994e-02  3.49019038e-01 -4.29866327e+02]
 [ 2.06102085e-01  6.73271093e-01  7.10090111e-01  1.76547635e+02]
 [-2.93456870e-01  7.34796107e-01 -6.11520847e-01  3.03528150e+02]
 [ 0.00000000e+00  0.00000000e+00  0.00000000e+00  1.00000000e+00]]

[[-9.54816162e-01 -8.76041547e-02  2.83992268e-01 -3.65096813e+02]
 [ 1.51585169e-01  6.78374973e-01  7.18908431e-01  1.67957868e+02]
 [-2.55632612e-01  7.29474405e-01 -6.34443898e-01  3.19714676e+02]
 [ 0.00000000e+00  0.00000000e+00  0.00000000e+00  1.00000000e+00]]

[[-9.15191614e-01 -1.01165506e-01  3.90115176e-01 -4.41452256e+02]
 [ 2.33129532e-01  6.56705309e-01  7.17209006e-01  1.69799906e+02]
 [-3.28747520e-01  7.47331036e-01 -5.77426525e-01  2.60289860e+02]
 [ 0.00000000e+00  0.00000000e+00  0.00000000e+00  1.00000000e+00]]

[[-9.42173291e-01 -1.02583270e-01  3.19039436e-01 -3.82126644e+02]
 [ 1.86171290e-01  6.31370513e-01  7.52802448e-01  1.37652389e+02]
 [-2.78657029e-01  7.68666343e-01 -5.75762375e-01  2.59041726e+02]
 [ 0.00000000e+00  0.00000000e+00  0.00000000e+00  1.00000000e+00]]

[[-9.14853216e-01 -1.35365255e-01  3.80420610e-01 -4.46007870e+02]
 [ 2.46501154e-01  5.58974225e-01  7.91697541e-01  1.12941432e+02]
 [-3.19813655e-01  8.18061161e-01 -4.78011676e-01  1.75283056e+02]
 [ 0.00000000e+00  0.00000000e+00  0.00000000e+00  1.00000000e+00]]

[[-8.73985389e-01 -1.30280191e-01  4.68163019e-01 -5.25946318e+02]
 [ 3.29791984e-01  5.48560465e-01  7.68321979e-01  1.26492231e+02]
 [-3.56912858e-01  8.25898594e-01 -4.36468469e-01  1.43116158e+02]
 [ 0.00000000e+00  0.00000000e+00  0.00000000e+00  1.00000000e+00]]

[[-9.16607252e-01 -1.22539805e-01  3.80545848e-01 -4.45776409e+02]
 [ 2.41803811e-01  5.88097667e-01  7.71797934e-01  1.29999208e+02]
 [-3.18374094e-01  7.99453020e-01 -5.09423994e-01  2.04545514e+02]
 [ 0.00000000e+00  0.00000000e+00  0.00000000e+00  1.00000000e+00]]

[[-9.26760523e-01 -1.24895537e-01  3.54282427e-01 -4.22028767e+02]
 [ 2.21804211e-01  5.79228058e-01  7.84409172e-01  1.19807395e+02]
 [-3.03179527e-01  8.05540788e-01 -5.09103342e-01  2.03226099e+02]
 [ 0.00000000e+00  0.00000000e+00  0.00000000e+00  1.00000000e+00]]

[[-9.26160479e-01 -1.20396704e-01  3.57395300e-01 -4.24653669e+02]
 [ 2.22174394e-01  5.91576660e-01  7.75032641e-01  1.28557991e+02]
 [-3.04738093e-01  7.97208686e-01 -5.21145858e-01  2.13695110e+02]
 [ 0.00000000e+00  0.00000000e+00  0.00000000e+00  1.00000000e+00]]

[[-9.36872170e-01 -2.11496541e-01  2.78459603e-01 -3.55867246e+02]
 [ 1.89520470e-01  3.62106924e-01  9.12666734e-01  9.02375664e+00]
 [-2.93858008e-01  9.07825858e-01 -2.99164976e-01  2.11575242e+01]
 [ 0.00000000e+00  0.00000000e+00  0.00000000e+00  1.00000000e+00]]

[[-9.50900126e-01 -9.46897867e-02  2.94657079e-01 -3.70862527e+02]
 [ 1.61185440e-01  6.61233244e-01  7.32659437e-01  1.64142254e+02]
 [-2.64212422e-01  7.44180382e-01 -6.13504160e-01  2.95069210e+02]
 [ 0.00000000e+00  0.00000000e+00  0.00000000e+00  1.00000000e+00]]

[[-9.25609978e-01 -1.21148011e-01  3.58565655e-01 -4.26970569e+02]
 [ 2.21061236e-01  5.95940135e-01  7.72002128e-01  1.28663311e+02]
 [-3.07210187e-01  7.93837839e-01 -5.24827006e-01  2.17929866e+02]
 [ 0.00000000e+00  0.00000000e+00  0.00000000e+00  1.00000000e+00]]

[[-8.78585121e-01 -1.89240448e-01  4.38493145e-01 -4.93242866e+02]
 [ 3.14400567e-01  4.61948403e-01  8.29310531e-01  8.49466471e+01]
 [-3.59500305e-01  8.66482386e-01 -3.46363689e-01  5.99378862e+01]
 [ 0.00000000e+00  0.00000000e+00  0.00000000e+00  1.00000000e+00]]

[[-9.24598789e-01 -1.08031825e-01  3.65302893e-01 -4.33188889e+02]
 [ 2.24153945e-01  6.21072486e-01  7.51015297e-01  1.45882744e+02]
 [-3.08013129e-01  7.76271919e-01 -5.50027109e-01  2.41082418e+02]
 [ 0.00000000e+00  0.00000000e+00  0.00000000e+00  1.00000000e+00]]

[[-9.37927732e-01 -1.05714851e-01  3.30327021e-01 -4.01951665e+02]
 [ 1.91763943e-01  6.35530293e-01  7.47882235e-01  1.49170120e+02]
 [-2.88995087e-01  7.64804300e-01 -5.75809189e-01  2.63259335e+02]
 [ 0.00000000e+00  0.00000000e+00  0.00000000e+00  1.00000000e+00]]

[[-9.26675591e-01 -1.14385745e-01  3.58033867e-01 -4.26059776e+02]
 [ 2.16136506e-01  6.17147802e-01  7.56580202e-01  1.41610172e+02]
 [-3.07501803e-01  7.78488595e-01 -5.47172869e-01  2.38569127e+02]
 [ 0.00000000e+00  0.00000000e+00  0.00000000e+00  1.00000000e+00]]

[[-9.37144633e-01 -1.16874841e-01  3.28785961e-01 -4.00281338e+02]
 [ 1.95134591e-01  6.05602318e-01  7.71471531e-01  1.31259881e+02]
 [-2.89279153e-01  7.87137919e-01 -5.44730638e-01  2.34252402e+02]
 [ 0.00000000e+00  0.00000000e+00  0.00000000e+00  1.00000000e+00]]

[[-8.99232265e-01 -1.29411382e-01  4.17892364e-01 -4.79401155e+02]
 [ 2.70927614e-01  5.85272443e-01  7.64234516e-01  1.33445693e+02]
 [-3.43481530e-01  8.00442916e-01 -4.91234748e-01  1.90760794e+02]
 [ 0.00000000e+00  0.00000000e+00  0.00000000e+00  1.00000000e+00]]

[[-9.04186765e-01 -1.21172514e-01  4.09589447e-01 -4.73122556e+02]
 [ 2.72251766e-01  5.75395447e-01  7.71232167e-01  1.26608442e+02]
 [-3.29128044e-01  8.08849369e-01 -4.87275517e-01  1.86398814e+02]
 [ 0.00000000e+00  0.00000000e+00  0.00000000e+00  1.00000000e+00]]

[[-9.13594045e-01 -1.64069784e-01  3.72057826e-01 -4.38357848e+02]
 [ 2.48279971e-01  4.99547305e-01  8.29945508e-01  7.93589276e+01]
 [-3.22029465e-01  8.50607780e-01 -4.15648202e-01  1.22587983e+02]
 [ 0.00000000e+00  0.00000000e+00  0.00000000e+00  1.00000000e+00]]

[[-9.01648977e-01 -1.22611998e-01  4.14723306e-01 -4.56951837e+02]
 [ 2.52072483e-01  6.30224391e-01  7.34354601e-01  1.42059547e+02]
 [-3.51409428e-01  7.66670408e-01 -5.37334067e-01  2.23756434e+02]
 [ 0.00000000e+00  0.00000000e+00  0.00000000e+00  1.00000000e+00]]

[[-8.93530727e-01 -1.39710957e-01  4.26712653e-01 -4.52648514e+02]
 [ 2.46544174e-01  6.41607424e-01  7.26330424e-01  1.33187528e+02]
 [-3.75258325e-01  7.54202070e-01 -5.38851025e-01  2.21080303e+02]
 [ 0.00000000e+00  0.00000000e+00  0.00000000e+00  1.00000000e+00]]

[[-8.77849072e-01 -1.64702412e-01  4.49726719e-01 -4.77258192e+02]
 [ 2.94374209e-01  5.55147222e-01  7.77917339e-01  9.07461141e+01]
 [-3.77789401e-01  8.15281962e-01 -4.38851331e-01  1.33034925e+02]
 [ 0.00000000e+00  0.00000000e+00  0.00000000e+00  1.00000000e+00]]

[[-9.35590731e-01 -8.48467510e-02  3.42740444e-01 -3.87735674e+02]
 [ 1.86549008e-01  7.05373719e-01  6.83847486e-01  1.68035386e+02]
 [-2.99782339e-01  7.03739260e-01 -6.44113036e-01  3.15367579e+02]
 [ 0.00000000e+00  0.00000000e+00  0.00000000e+00  1.00000000e+00]]

[[-9.31570237e-01 -1.41255751e-01  3.34998070e-01 -3.73994081e+02]
 [ 1.74010465e-01  6.35798921e-01  7.51984103e-01  1.10491014e+02]
 [-3.19213490e-01  7.58819178e-01 -5.67711372e-01  2.46111142e+02]
 [ 0.00000000e+00  0.00000000e+00  0.00000000e+00  1.00000000e+00]]

[[-8.75839776e-01 -1.04985076e-01  4.71044394e-01 -4.74057061e+02]
 [ 2.84492509e-01  6.76108709e-01  6.79662435e-01  1.59961185e+02]
 [-3.89831629e-01  7.29283997e-01 -5.62295432e-01  2.42467595e+02]
 [ 0.00000000e+00  0.00000000e+00  0.00000000e+00  1.00000000e+00]]

[[-9.07240247e-01 -2.72798320e-01  3.20150294e-01 -3.33115734e+02]
 [ 2.32985327e-01  3.07780460e-01  9.22490665e-01 -4.82697649e+01]
 [-3.50189908e-01  9.11510979e-01 -2.15672815e-01 -5.84339308e+01]
 [ 0.00000000e+00  0.00000000e+00  0.00000000e+00  1.00000000e+00]]

[[-8.43584662e-01 -2.07599515e-01  4.95244748e-01 -4.81118208e+02]
 [ 3.40668258e-01  5.06014550e-01  7.92397888e-01  6.23420211e+01]
 [-4.15102465e-01  8.37168870e-01 -3.56143548e-01  5.85771808e+01]
 [ 0.00000000e+00  0.00000000e+00  0.00000000e+00  1.00000000e+00]]

[[-8.96584291e-01 -9.62512065e-02  4.32287306e-01 -4.30306850e+02]
 [ 2.50289579e-01  6.95145197e-01  6.73890408e-01  1.60278516e+02]
 [-3.65365209e-01  7.12396561e-01 -5.99165590e-01  2.73828701e+02]
 [ 0.00000000e+00  0.00000000e+00  0.00000000e+00  1.00000000e+00]]

[[-9.08856267e-01 -9.88350297e-02  4.05230703e-01 -4.10972878e+02]
 [ 2.40803234e-01  6.68940703e-01  7.03229791e-01  1.38681102e+02]
 [-3.40579049e-01  7.36715666e-01 -5.84171155e-01  2.57421278e+02]
 [ 0.00000000e+00  0.00000000e+00  0.00000000e+00  1.00000000e+00]]

[[-8.55284703e-01 -8.54940620e-02  5.11056594e-01 -5.11026584e+02]
 [ 3.23803446e-01  6.81808352e-01  6.55963946e-01  1.86031282e+02]
 [-4.04523676e-01  7.26517815e-01 -5.55456982e-01  2.32005472e+02]
 [ 0.00000000e+00  0.00000000e+00  0.00000000e+00  1.00000000e+00]]

[[-8.27966622e-01 -1.47588807e-01  5.41007224e-01 -5.20877101e+02]
 [ 3.51005415e-01  6.15992190e-01  7.05229623e-01  1.43850168e+02]
 [-4.37340223e-01  7.73803054e-01 -4.58216502e-01  1.50085306e+02]
 [ 0.00000000e+00  0.00000000e+00  0.00000000e+00  1.00000000e+00]]

[[-8.88099374e-01 -7.85017892e-02  4.52898411e-01 -4.31884630e+02]
 [ 2.59882718e-01  7.26949735e-01  6.35613920e-01  1.96919475e+02]
 [-3.79131210e-01  6.82188795e-01 -6.25202347e-01  2.92947203e+02]
 [ 0.00000000e+00  0.00000000e+00  0.00000000e+00  1.00000000e+00]]

[[-9.23198156e-01 -5.86422980e-02  3.79823967e-01 -3.74297616e+02]
 [ 2.18108075e-01  7.33781488e-01  6.43423341e-01  1.89639017e+02]
 [-3.16439619e-01  6.76849916e-01 -6.64635358e-01  3.26717885e+02]
 [ 0.00000000e+00  0.00000000e+00  0.00000000e+00  1.00000000e+00]]

[[-8.52953102e-01 -1.13290101e-01  5.09545247e-01 -4.87299527e+02]
 [ 3.21085366e-01  6.55767421e-01  6.83281257e-01  1.55905201e+02]
 [-4.11552175e-01  7.46414390e-01 -5.22963063e-01  2.01543958e+02]
 [ 0.00000000e+00  0.00000000e+00  0.00000000e+00  1.00000000e+00]]

[[-8.51733053e-01 -1.49044027e-01  5.02331249e-01 -4.75174163e+02]
 [ 3.19152835e-01  6.12764517e-01  7.22953052e-01  1.31644604e+02]
 [-4.15562599e-01  7.76083452e-01 -4.74343969e-01  1.66360855e+02]
 [ 0.00000000e+00  0.00000000e+00  0.00000000e+00  1.00000000e+00]]

[[-8.63582044e-01 -1.51868581e-01  4.80793081e-01 -4.44389485e+02]
 [ 3.11897054e-01  5.88324942e-01  7.46052270e-01  1.20696421e+02]
 [-3.96164461e-01  7.94235291e-01 -4.60699493e-01  1.85015409e+02]
 [ 0.00000000e+00  0.00000000e+00  0.00000000e+00  1.00000000e+00]]

[[-8.84198981e-01 -1.25550497e-01  4.49921366e-01 -4.23609298e+02]
 [ 2.77377179e-01  6.33869571e-01  7.21991183e-01  1.37106899e+02]
 [-3.75837814e-01  7.63181787e-01 -5.25641986e-01  2.34300775e+02]
 [ 0.00000000e+00  0.00000000e+00  0.00000000e+00  1.00000000e+00]]

[[-8.67674073e-01 -1.30648286e-01  4.79658971e-01 -4.56696285e+02]
 [ 2.96026164e-01  6.39358448e-01  7.09640250e-01  1.35856493e+02]
 [-3.99387298e-01  7.57728052e-01 -5.16079438e-01  2.07319053e+02]
 [ 0.00000000e+00  0.00000000e+00  0.00000000e+00  1.00000000e+00]]

[[-8.45820844e-01 -2.22911860e-01  4.84662154e-01 -4.59036096e+02]
 [ 3.40414153e-01  4.73971072e-01  8.12077353e-01  4.16748668e+01]
 [-4.10737514e-01  8.51857809e-01 -3.25012260e-01  2.72327839e+01]
 [ 0.00000000e+00  0.00000000e+00  0.00000000e+00  1.00000000e+00]]

[[-7.77910509e-01 -1.94860973e-01  5.97398059e-01 -5.63860982e+02]
 [ 4.10733421e-01  5.61814298e-01  7.18096617e-01  1.00780788e+02]
 [-4.75555777e-01  8.03986253e-01 -3.57005332e-01  3.96833496e+01]
 [ 0.00000000e+00  0.00000000e+00  0.00000000e+00  1.00000000e+00]]

[[-8.83002753e-01 -5.54676551e-02  4.66078831e-01 -4.60620809e+02]
 [ 2.72031650e-01  7.48734251e-01  6.04479779e-01  1.92632510e+02]
 [-3.82498261e-01  6.60545502e-01 -6.46045447e-01  2.87792088e+02]
 [ 0.00000000e+00  0.00000000e+00  0.00000000e+00  1.00000000e+00]]

[[-8.92770084e-01 -8.39767682e-02  4.42616629e-01 -4.38402929e+02]
 [ 2.68218833e-01  6.90297169e-01  6.71973568e-01  1.45222505e+02]
 [-3.61967174e-01  7.18636014e-01 -5.93752511e-01  2.54899356e+02]
 [ 0.00000000e+00  0.00000000e+00  0.00000000e+00  1.00000000e+00]]

[[-8.87909891e-01 -7.25504779e-02  4.54260337e-01 -4.42373417e+02]
 [ 2.61091924e-01  7.33542232e-01  6.27492471e-01  1.97660150e+02]
 [-3.78744020e-01  6.75760477e-01 -6.32377059e-01  3.11268459e+02]
 [ 0.00000000e+00  0.00000000e+00  0.00000000e+00  1.00000000e+00]]

[[-9.33108499e-01 -7.94329425e-02  3.50712041e-01 -3.52645203e+02]
 [ 1.92810234e-01  7.12728978e-01  6.74419467e-01  1.62160246e+02]
 [-3.03533757e-01  6.96927408e-01 -6.49737983e-01  3.24556200e+02]
 [ 0.00000000e+00  0.00000000e+00  0.00000000e+00  1.00000000e+00]]

[[-8.66474257e-01 -5.87074722e-02  4.95757799e-01 -4.68790461e+02]
 [ 2.97702562e-01  7.36403214e-01  6.07522420e-01  2.04073091e+02]
 [-4.00743742e-01  6.73990904e-01 -6.20597063e-01  2.92652855e+02]
 [ 0.00000000e+00  0.00000000e+00  0.00000000e+00  1.00000000e+00]]

[[-9.11074660e-01 -6.92881787e-02  4.06376810e-01 -3.83506876e+02]
 [ 2.39060747e-01  7.14293437e-01  6.57749835e-01  1.60780300e+02]
 [-3.35846577e-01  6.96407951e-01 -6.34210567e-01  3.01121502e+02]
 [ 0.00000000e+00  0.00000000e+00  0.00000000e+00  1.00000000e+00]]

[[-8.18614637e-01 -1.43487759e-01  5.56130685e-01 -5.33366006e+02]
 [ 3.62524619e-01  6.21937286e-01  6.94096473e-01  1.34183045e+02]
 [-4.45472756e-01  7.69808597e-01 -4.57109120e-01  1.46204842e+02]
 [ 0.00000000e+00  0.00000000e+00  0.00000000e+00  1.00000000e+00]]

[[-8.27421936e-01 -1.72018231e-01  5.34586445e-01 -5.29456161e+02]
 [ 3.34845469e-01  6.13085978e-01  7.15544614e-01  1.25813231e+02]
 [-4.50834173e-01  7.71061159e-01 -4.49681262e-01  1.38354526e+02]
 [ 0.00000000e+00  0.00000000e+00  0.00000000e+00  1.00000000e+00]]

[[-8.79761189e-01 -9.93086665e-02  4.64927994e-01 -4.73209599e+02]
 [ 2.49332280e-01  7.36278397e-01  6.29068785e-01  1.96710042e+02]
 [-4.04788420e-01  6.69351859e-01 -6.22988301e-01  2.81693499e+02]
 [ 0.00000000e+00  0.00000000e+00  0.00000000e+00  1.00000000e+00]]

[[-8.86759850e-01 -8.66560668e-02  4.54034905e-01 -4.61746557e+02]
 [ 2.44242491e-01  7.46099216e-01  6.19420346e-01  1.92348665e+02]
 [-3.92431618e-01  6.60171710e-01 -6.40445735e-01  2.88972081e+02]
 [ 0.00000000e+00  0.00000000e+00  0.00000000e+00  1.00000000e+00]]

[[-8.40758349e-01 -1.10448760e-01  5.30024972e-01 -5.20761447e+02]
 [ 3.22058160e-01  6.84905849e-01  6.53592013e-01  1.63084375e+02]
 [-4.35205631e-01  7.20211809e-01 -5.40269386e-01  2.02066659e+02]
 [ 0.00000000e+00  0.00000000e+00  0.00000000e+00  1.00000000e+00]]

[[-8.39333111e-01 -1.54084171e-01  5.21323314e-01 -5.10551051e+02]
 [ 3.25655750e-01  6.25355364e-01  7.09139620e-01  1.19902037e+02]
 [-4.35279521e-01  7.64976298e-01 -4.74703067e-01  1.58484722e+02]
 [ 0.00000000e+00  0.00000000e+00  0.00000000e+00  1.00000000e+00]]

[[-8.64090696e-01 -1.06808735e-01  4.91873117e-01 -4.69264120e+02]
 [ 2.97698712e-01  6.79527872e-01  6.70535120e-01  1.59755278e+02]
 [-4.05860501e-01  7.25833152e-01 -5.55376889e-01  2.31741497e+02]
 [ 0.00000000e+00  0.00000000e+00  0.00000000e+00  1.00000000e+00]]

[[-8.82592692e-01 -1.15829309e-01  4.55646476e-01 -4.36168794e+02]
 [ 2.65041634e-01  6.77898139e-01  6.85716447e-01  1.47534451e+02]
 [-3.88307960e-01  7.25973612e-01 -5.67608354e-01  2.41830261e+02]
 [ 0.00000000e+00  0.00000000e+00  0.00000000e+00  1.00000000e+00]]

[[-8.74706591e-01 -2.19946605e-01  4.31870200e-01 -4.14739777e+02]
 [ 2.89091392e-01  4.78422967e-01  8.29178890e-01  2.36423754e+01]
 [-3.88991704e-01  8.50138198e-01 -3.54895053e-01  5.69162799e+01]
 [ 0.00000000e+00  0.00000000e+00  0.00000000e+00  1.00000000e+00]]

[[-8.80022577e-01 -9.27430620e-02  4.65788566e-01 -4.47022786e+02]
 [ 2.63491923e-01  7.20625892e-01  6.41303618e-01  1.82160795e+02]
 [-3.95135762e-01  6.87093187e-01 -6.09730007e-01  2.81697874e+02]
 [ 0.00000000e+00  0.00000000e+00  0.00000000e+00  1.00000000e+00]]

[[-8.28914275e-01 -1.82360263e-01  5.28815525e-01 -4.97650038e+02]
 [ 3.29952058e-01  6.03992739e-01  7.25482192e-01  1.15981762e+02]
 [-4.51699860e-01  7.75846316e-01 -4.40488059e-01  1.29450140e+02]
 [ 0.00000000e+00  0.00000000e+00  0.00000000e+00  1.00000000e+00]]

[[-9.22957619e-01  1.70066097e-02  3.84525694e-01 -3.89467177e+02]
 [ 1.95873905e-01  8.80741615e-01  4.31193252e-01  3.44395853e+02]
 [-3.31334645e-01  4.73291646e-01 -8.16218335e-01  4.80073073e+02]
 [ 0.00000000e+00  0.00000000e+00  0.00000000e+00  1.00000000e+00]]

[[-9.66829522e-01 -1.04780906e-01  2.32941275e-01 -2.44966475e+02]
 [ 1.03988594e-01  6.71508786e-01  7.33663630e-01  1.02291776e+02]
 [-2.33296052e-01  7.33550893e-01 -6.38338500e-01  3.06045547e+02]
 [ 0.00000000e+00  0.00000000e+00  0.00000000e+00  1.00000000e+00]]

[[-8.70810538e-01 -9.07454480e-02  4.83171057e-01 -4.60603278e+02]
 [ 2.87141090e-01  7.03870532e-01  6.49704755e-01  1.78008429e+02]
 [-3.99047618e-01  7.04508011e-01 -5.86881130e-01  2.59348220e+02]
 [ 0.00000000e+00  0.00000000e+00  0.00000000e+00  1.00000000e+00]]

[[-7.73353463e-01 -1.68350017e-01  6.11214114e-01 -5.74803368e+02]
 [ 4.02000421e-01  6.15275073e-01  6.78109318e-01  1.48136300e+02]
 [-4.90224524e-01  7.70126520e-01 -4.08148330e-01  1.07177168e+02]
 [ 0.00000000e+00  0.00000000e+00  0.00000000e+00  1.00000000e+00]]

[[-8.50890270e-01 -1.86147289e-01  4.91258522e-01 -4.65122719e+02]
 [ 3.20426989e-01  5.57137805e-01  7.66109660e-01  8.05467786e+01]
 [-4.16307931e-01  8.09287744e-01 -4.14416522e-01  1.06641019e+02]
 [ 0.00000000e+00  0.00000000e+00  0.00000000e+00  1.00000000e+00]]

[[-8.90854099e-01 -9.70924201e-02  4.43792786e-01 -4.25953119e+02]
 [ 2.55503547e-01  7.00659926e-01  6.66178359e-01  1.64364725e+02]
 [-3.75628689e-01  7.06858352e-01 -5.99378309e-01  2.69422963e+02]
 [ 0.00000000e+00  0.00000000e+00  0.00000000e+00  1.00000000e+00]]

[[-8.26198021e-01 -1.46286153e-01  5.44056239e-01 -5.13250903e+02]
 [ 3.46885328e-01  6.28846590e-01  6.95861003e-01  1.38006952e+02]
 [-4.43922740e-01  7.63644111e-01 -4.68807288e-01  1.56373411e+02]
 [ 0.00000000e+00  0.00000000e+00  0.00000000e+00  1.00000000e+00]]

[[-8.46947864e-01 -1.28142211e-01  5.16002800e-01 -4.92201328e+02]
 [ 3.30380821e-01  6.33556921e-01  6.99609992e-01  1.31149255e+02]
 [-4.16566717e-01  7.63010617e-01 -4.94253952e-01  1.80136928e+02]
 [ 0.00000000e+00  0.00000000e+00  0.00000000e+00  1.00000000e+00]]

[[-8.95815472e-01 -6.61336783e-02  4.39478072e-01 -4.24988809e+02]
 [ 2.45635388e-01  7.50422980e-01  6.13619268e-01  2.06471415e+02]
 [-3.70375344e-01  6.57641002e-01 -6.55995745e-01  3.21680091e+02]
 [ 0.00000000e+00  0.00000000e+00  0.00000000e+00  1.00000000e+00]]

[[-8.79394701e-01 -7.61823400e-02  4.69958734e-01 -4.51382102e+02]
 [ 2.70312490e-01  7.32683691e-01  6.24584476e-01  1.97200169e+02]
 [-3.91913406e-01  6.76291994e-01 -6.23725117e-01  2.93538630e+02]
 [ 0.00000000e+00  0.00000000e+00  0.00000000e+00  1.00000000e+00]]

[[-8.95819826e-01 -5.84553627e-02  4.40556250e-01 -4.26415407e+02]
 [ 2.52849397e-01  7.48191561e-01  6.13413866e-01  2.05363325e+02]
 [-3.65477798e-01  6.60902685e-01 -6.55464431e-01  3.21499135e+02]
 [ 0.00000000e+00  0.00000000e+00  0.00000000e+00  1.00000000e+00]]

[[-9.32916630e-01 -1.32536611e-01  3.34814288e-01 -3.30628369e+02]
 [ 1.85898175e-01  6.19049941e-01  7.63032790e-01  8.08775688e+01]
 [-3.08396545e-01  7.74087345e-01 -5.52883671e-01  2.28461494e+02]
 [ 0.00000000e+00  0.00000000e+00  0.00000000e+00  1.00000000e+00]]

[[-8.77581664e-01 -1.08310112e-01  4.67032486e-01 -4.46976200e+02]
 [ 2.74860890e-01  6.84491042e-01  6.75221078e-01  1.55090001e+02]
 [-3.92812824e-01  7.20930602e-01 -5.70926574e-01  2.45492988e+02]
 [ 0.00000000e+00  0.00000000e+00  0.00000000e+00  1.00000000e+00]]

[[-8.71630422e-01 -2.03446146e-01  4.45948509e-01 -4.27151777e+02]
 [ 2.90474984e-01  5.18439787e-01  8.04266418e-01  4.52813529e+01]
 [-3.94822353e-01  8.30559964e-01 -3.92791874e-01  8.90494301e+01]
 [ 0.00000000e+00  0.00000000e+00  0.00000000e+00  1.00000000e+00]]

[[-8.72857768e-01 -7.74796623e-02  4.81784412e-01 -4.62068312e+02]
 [ 2.81787661e-01  7.26028527e-01  6.27278480e-01  1.93680853e+02]
 [-3.98390552e-01  6.83285796e-01 -6.11886827e-01  2.84040968e+02]
 [ 0.00000000e+00  0.00000000e+00  0.00000000e+00  1.00000000e+00]]

[[-8.66956605e-01 -8.00128908e-02  4.91918878e-01 -4.70292147e+02]
 [ 2.96358601e-01  7.10798388e-01  6.37916320e-01  1.85851533e+02]
 [-4.00696674e-01  6.98830158e-01 -5.92518848e-01  2.65975040e+02]
 [ 0.00000000e+00  0.00000000e+00  0.00000000e+00  1.00000000e+00]]

[[-8.90813336e-01 -8.03238593e-02  4.47213235e-01 -4.31007181e+02]
 [ 2.61239006e-01  7.14761140e-01  6.48745477e-01  1.76628815e+02]
 [-3.71760383e-01  6.94740664e-01 -6.15735031e-01  2.85602410e+02]
 [ 0.00000000e+00  0.00000000e+00  0.00000000e+00  1.00000000e+00]]

[[-7.54298355e-01 -1.43989302e-01  6.40547479e-01 -6.04833038e+02]
 [ 4.39152381e-01  6.14600075e-01  6.55295303e-01  1.63450720e+02]
 [-4.88036042e-01  7.75586120e-01 -4.00358580e-01  1.02651518e+02]
 [ 0.00000000e+00  0.00000000e+00  0.00000000e+00  1.00000000e+00]]

[[-9.00179205e-01 -7.28929927e-02  4.29376305e-01 -4.15238010e+02]
 [ 2.43855565e-01  7.32501170e-01  6.35591457e-01  1.88855072e+02]
 [-3.60848809e-01  6.76852014e-01 -6.41606958e-01  3.07986837e+02]
 [ 0.00000000e+00  0.00000000e+00  0.00000000e+00  1.00000000e+00]]

[[-8.77115059e-01 -1.07028666e-01  4.68202989e-01 -4.47298593e+02]
 [ 2.75458543e-01  6.86475635e-01  6.72958984e-01  1.58668437e+02]
 [-3.93435846e-01  7.19232971e-01 -5.72636157e-01  2.45960357e+02]
 [ 0.00000000e+00  0.00000000e+00  0.00000000e+00  1.00000000e+00]]

