%YAML:1.0
---
camera_matrix: !!opencv-matrix
   rows: 3
   cols: 3
   dt: d
   data: [ 951.15572186294901, 0., 952.96640654956366, 0.,
       951.70825718727417, 533.5080815885965, 0., 0., 1. ]
dist_coeff: !!opencv-matrix
   rows: 1
   cols: 5
   dt: d
   data: [ 0.0061345019187524297, 0.0024199153534545607,
       -0.0010036751903894081, 0.00061026991747685012,
       -0.0073685711401459712 ]
