%YAML:1.0
---
camera_matrix: !!opencv-matrix
   rows: 3
   cols: 3
   dt: d
   data: [ 907.17095349694785, 0., 664.30700943058139, 0.,
       907.19033666220651, 353.28978020384648, 0., 0., 1. ]
dist_coeff: !!opencv-matrix
   rows: 1
   cols: 5
   dt: d
   data: [ 0.15643566651347873, -0.40631360252846555,
       -0.0013410507660023268, 0.0012804845723025612,
       0.20174217898021779 ]
