%YAML:1.0
---
camera_matrix: !!opencv-matrix
   rows: 3
   cols: 3
   dt: d
   data: [ 956.79794165993508, 0., 944.910383129053, 0.,
       956.79560658255139, 511.51701146255613, 0., 0., 1. ]
dist_coeff: !!opencv-matrix
   rows: 1
   cols: 5
   dt: d
   data: [ -0.016149947151739508, 0.072654900237073966,
       3.3192847925579966e-05, 0.0010297856940656015,
       -0.065711844392987759 ]
