-0.08053612581729509, -0.09224182630997278, 0.8828728788847727
-0.08002895931257682, -0.09235484883410341, 0.8572101541784466
-0.07983502778483226, -0.09223178648167989, 0.8565400984710474
-0.07996830188051478, -0.09226218220964429, 0.8567075373103394
-0.07996529451564714, -0.09218463828109189, 0.8560448556291137
-0.07982764031520241, -0.09211022005642211, 0.8532340483469901
-0.07997199184952668, -0.09227093250391255, 0.8563205622568933
-0.0797864333490899, -0.09242716546713327, 0.8586950807915067
-0.07993931578739182, -0.09231691119807749, 0.8566709978555176
-0.08004844501872727, -0.09240621497784726, 0.8588208725891393
-0.08001209654582678, -0.09222725794707201, 0.8560147563181169
-0.08009022618322684, -0.09237382626519763, 0.8582849102087189
-0.0800926850454637, -0.09244368979633605, 0.8593760331180436
-0.0800425356123481, -0.09244179664087071, 0.8591044809665682
-0.08005059949856064, -0.09238713969567736, 0.8587709330379704
-0.08003097950182853, -0.09243397938238677, 0.8585052297770139
-0.08007529802201864, -0.09245671741362778, 0.8593209040216704
-0.08004477273333557, -0.09246109464344784, 0.8586617444984448
-0.08005670902834053, -0.09243198480235841, 0.8586605494970522
-0.08006137352207073, -0.0924057714104821, 0.8587779010676186
-0.08005940673388567, -0.09238509659614981, 0.8586029435116835
-0.08004626042817797, -0.09250437521931958, 0.8596314917467311
-0.08005310674516992, -0.09239404984320562, 0.8582082448131643
-0.08001417043909248, -0.09245065684642047, 0.8583860392574441
-0.08006308342161428, -0.09240253884255571, 0.8590905046919257
-0.08003066790304907, -0.0922900384714967, 0.8564145134698138
-0.08006663815782217, -0.09249867577692235, 0.8598657575435432
-0.08005639194550859, -0.09251833774920241, 0.8591026607891504
-0.0800109899590823, -0.09244376606699696, 0.8577967735078407
-0.08006082372694583, -0.09240354681445619, 0.8583450499652958
-0.0800192389139283, -0.09241023572096868, 0.85760549195894
-0.08007945258338531, -0.09239718748930702, 0.8595231955353184
-0.07993537699649667, -0.09227613193050567, 0.8563120018362541
-0.08005559615175847, -0.09246650631844862, 0.8590701898923765
-0.08000465035606734, -0.0924735984227816, 0.8585676939726146
-0.0800512080825153, -0.0924180553863599, 0.858208692684574
-0.08000870539997615, -0.0924499742777073, 0.8587876053537606
-0.0799743305109075, -0.0924062633520655, 0.858116082047345
-0.07996632990688121, -0.09228860221102576, 0.8569227467447798
-0.07995036982140226, -0.09236819112289928, 0.8573857339545262
-0.0800764514552797, -0.09240952894315925, 0.859019288376484
-0.08005569520827237, -0.09240228226291226, 0.8589947723882521
-0.08000844805145389, -0.09253052073238052, 0.8601974824531021
-0.08004405258388392, -0.0924396487345574, 0.8593439958727075
-0.07998415449909571, -0.0924643606289621, 0.8589400480203402
-0.07991332436803034, -0.09231630519784025, 0.8559999008421336
-0.07998375465010651, -0.09242460530297568, 0.8581333507192399
-0.08002998506586141, -0.09238025210291846, 0.8590130527412703
-0.0798740196639921, -0.0924132188738579, 0.8570965838427578
-0.08005177558518661, -0.09250510067560447, 0.859359988031071
-0.08006163792555286, -0.09245191164516736, 0.8594498832660155
-0.0798138710977947, -0.09233396908636211, 0.8555018663364502
-0.08008930701334843, -0.09237407186179941, 0.8588038417403738
-0.08002420562958847, -0.09246362423225943, 0.8594294443714368
-0.0800118610234005, -0.09241842826574918, 0.8591321484240365
-0.08002230118043374, -0.09245026601907702, 0.8589451725090855
-0.0800098374021411, -0.09241669040771619, 0.8586955648190973
-0.08008893908839859, -0.09247789840813546, 0.8599899696976211
-0.08005763892059883, -0.09234777541643924, 0.8580270121363709
-0.08000785186440383, -0.09240087657096334, 0.8586049744404036
-0.08003091570809572, -0.0924144011113981, 0.8589065576877823
-0.0799848377986775, -0.0923936832918453, 0.8574111145903943
-0.07989143572131195, -0.09245327265068137, 0.8575703052215928
-0.07993799986402798, -0.09247907113409587, 0.858194073523855
-0.08005344611990844, -0.09240586329203448, 0.8589573592490118
-0.07984629018904951, -0.09228199575894983, 0.8553555953097882
-0.08004470471383884, -0.09234939759665634, 0.8587758967050156
-0.07998857944534767, -0.09237273595080277, 0.8580696720224978
-0.08007652740997226, -0.09243430540936293, 0.8588474436925813
-0.07994067939742701, -0.0923888072418127, 0.8578812283083964
-0.07996811265186733, -0.09226644504008866, 0.856795427038581
-0.07989479864606445, -0.09241980272823853, 0.8573419521102994
-0.0799931109552943, -0.09237234037340374, 0.8581551309029264
-0.08002668432873676, -0.09240219567407316, 0.8582365057640245
-0.07999198990919733, -0.09241472367513043, 0.8580813539651296
-0.07992555631247003, -0.09228213290996953, 0.8558393799831322
-0.07988300239471371, -0.09241429252334958, 0.8570686250296747
-0.07992443351613034, -0.09237529776862896, 0.8574808026376393
-0.08006575045879427, -0.09235350660271291, 0.8588669947182848
-0.08000265409800364, -0.09236962470889137, 0.8583997119903277
-0.07989988343420687, -0.09234432607037452, 0.8573852991401794
-0.0798475700144285, -0.09237271409614403, 0.8564280510145319
-0.07995328770521883, -0.09232759623011395, 0.8570806820040381
-0.07985524599520899, -0.09236364511763985, 0.8569597052993319
-0.0799040025700663, -0.09230769715262178, 0.8567013862794457
-0.0799139945303296, -0.09231179251090878, 0.8567973527687258
-0.07979563064123738, -0.0922591061391489, 0.8551400615172109
-0.08001682874987445, -0.09238393857387962, 0.8580716486353676
-0.07985037727988616, -0.09234328151972333, 0.8562313486892211
-0.07996017983242616, -0.09216472512271262, 0.8564713991084053
-0.07978219006797728, -0.09220095189434703, 0.8546283150909335
-0.07983527883498237, -0.09225948345695703, 0.8557926493409915
-0.07986754318817095, -0.0922130902860765, 0.854443593044488
-0.07987655783215107, -0.09229090103485149, 0.855865175526355
-0.07981638439357534, -0.0921521784454221, 0.8542833558961787
-0.07982475779711767, -0.09220940874398022, 0.8551637283796257
-0.07986675135960081, -0.09237689315521624, 0.857100859008045
-0.07989606836692548, -0.09237796355034744, 0.8574138351557401
-0.0799266916145039, -0.0923765026440357, 0.8572034634305575
-0.07983244513374167, -0.092239163406662, 0.8544675600797741
-0.07987085071461762, -0.09233653526158359, 0.8567044502050224
-0.0798972599213651, -0.09228324100127758, 0.856478135995954
-0.07984456856991282, -0.0921893851708485, 0.8550402277901441
-0.07985697603424984, -0.09232353086711653, 0.8568151415083575
-0.07986509238602, -0.09232004337118009, 0.8569785864153607
-0.07984508195586636, -0.092238568076019, 0.855465183259063
-0.07992264528893009, -0.09233551100120192, 0.8577307133401547
-0.07983517363406452, -0.09229650711709196, 0.856155421261089
-0.0799653387377324, -0.0927201010323797, 0.8608971929988279
-0.07986736310115325, -0.09210352909862557, 0.8552268896981287
-0.07983459029397966, -0.09220172172653453, 0.8554072414514219
-0.080049359483935, -0.09218804240283426, 0.8586638859220821
-0.07990200749044778, -0.09209834384947282, 0.8573481014308124
-0.07989667098755407, -0.09243054968925847, 0.8572710468575377
-0.07987819454539, -0.09233671895709242, 0.8564514102837675
-0.07973933514316799, -0.09195568945435277, 0.8519123115922574
-0.07986009895936928, -0.09223986774746129, 0.8556529068619826
-0.07984834392646765, -0.09212593390138982, 0.8547993767517497
-0.07988825820069474, -0.09230992239795344, 0.8567424755498637
-0.07991133648212843, -0.09230947002072763, 0.8573846929888168
-0.07992015099639735, -0.09225997839577095, 0.8569388843251081
-0.0798958928899527, -0.0922138203116893, 0.8566339711867998
-0.07977726371190115, -0.09211931993179397, 0.8535871070542072
-0.07979447444298424, -0.09215269736521185, 0.8546444114032792
-0.07983445608188146, -0.09210963256653729, 0.8548564262619784
-0.07979696187335532, -0.09206389603605228, 0.8543819827816604
-0.0800088555722649, -0.09249522788152074, 0.8593352135117361
-0.07986277409783642, -0.0920042137556166, 0.8558977268464927
-0.08003669813357622, -0.09244580213446774, 0.8584614887026408
-0.07977823330245339, -0.09181737981217829, 0.8520407649859641
-0.07986295357623983, -0.09208043916056272, 0.8556130981821263
-0.07990631190870051, -0.09215139567526894, 0.854882131731651
-0.07993844220888564, -0.09224032384402414, 0.856704134626272
-0.07984759067905299, -0.09207404546117944, 0.8542558744804224
-0.07974103017416245, -0.09193899697585362, 0.8526853728006251
-0.07990872435844038, -0.09226538744538716, 0.8567562320132333
-0.07980046280400567, -0.09183316280358887, 0.8517677852300285
-0.0799031556823049, -0.09253388911027711, 0.8596632532156749
-0.07990381739060197, -0.09238678490885563, 0.8571423851429739
-0.07996546721028733, -0.09217126991819664, 0.8569831684705441
-0.0799566847206218, -0.09199296533077539, 0.8557373158120968
-0.07983676119607087, -0.09199388834149715, 0.8537698626558191
-0.07992243121513429, -0.09218139434766026, 0.8579203924997353
-0.07979001738536193, -0.09207859948127368, 0.8540449174938367
-0.07982579544979948, -0.09208085938154516, 0.8544749252418112
-0.07980465899367338, -0.09199403406844288, 0.8536220559667359
-0.07990569944631203, -0.09227371969928774, 0.855455451287071
-0.07986095604238218, -0.09216826596737446, 0.8553048924010157
-0.07973751138918808, -0.09191009806632258, 0.8517956097859399
-0.07967963439058173, -0.09185893239062985, 0.8506827567065703
-0.07980961748667441, -0.09212254451202533, 0.854522114774301
-0.07986789325599701, -0.09209502182351334, 0.8550730834053792
-0.07970230247736111, -0.09189452054003198, 0.8512118247751904
-0.07981967284535585, -0.0920181295186482, 0.8531281254256087
-0.07974350004676681, -0.0919925058007075, 0.8529675018315275
-0.07978822313253138, -0.09207896256808562, 0.8540798044392505
-0.0798389058886651, -0.0920310562794183, 0.8538784054742006
-0.07981766483291593, -0.09200720539973059, 0.8538524483829599
-0.0796755296308776, -0.09186763768797179, 0.8509960943472596
-0.07969213664117036, -0.09189394741558453, 0.8513467025587587
-0.07968853546946134, -0.09196481075558952, 0.8517773525581548
-0.07977709276842322, -0.09212281376275563, 0.8540052137243282
-0.07971770665476244, -0.09186518757353858, 0.8521069900222624
-0.07980918201297842, -0.09204056621852079, 0.8539971477980227
-0.07971614243896555, -0.09210327843618424, 0.8534816527373753
-0.07968778611779434, -0.09197773429423091, 0.8527487597804673
-0.07978953886289024, -0.09198056829604453, 0.8536944640133997
-0.07976842809363187, -0.09205441460709898, 0.8534097133443553
-0.07971860353543173, -0.09205948080925792, 0.8535486037335368
-0.07984010413022737, -0.09206465567653492, 0.8542334791666565
-0.07992364428854137, -0.09221927949600052, 0.8569546818509342
-0.07986009597882854, -0.0922100611272297, 0.8558039380607233
-0.07968319196247126, -0.09186250387101193, 0.8509722038937199
-0.07975680534907201, -0.09199377574652615, 0.8532897980784182
-0.07977221641532503, -0.09184206863703748, 0.8520327889809677
-0.07970916421903493, -0.09189932082475845, 0.8522955332494452
-0.07973579583796, -0.09191041546065473, 0.8521528311638464
-0.07983682367007318, -0.09205975106267472, 0.8546234411487224
-0.07970788742769498, -0.09183963869119725, 0.8509036654614047
-0.07971659744647498, -0.09185725653713543, 0.8521815105942113
-0.07985186156072412, -0.09214075518050714, 0.8554644711644336
-0.07968367600112311, -0.0918436499359912, 0.8511280450165509
-0.07971566522029329, -0.0918735834787916, 0.8517947689108328
-0.07972875795664552, -0.09193235536967127, 0.8524369384060018
-0.07982776537733653, -0.09194917187874199, 0.8532475710653452
-0.07984394971878189, -0.09211464889248429, 0.8547338615043087
-0.0797458577234333, -0.0918501378609634, 0.8519636183403191
-0.07968804156653417, -0.09196511982181639, 0.8527559579043592
-0.07974072134011985, -0.09184624201930261, 0.8515743452961128
-0.07980335270142877, -0.09204112789051067, 0.8537907509216297
-0.07971437976942575, -0.09183686361080796, 0.8517863872590409
-0.07980405670478748, -0.09200390105311948, 0.8540976987216692
-0.07981582130562767, -0.0919462443481474, 0.8533923452868072
-0.07985421720731595, -0.09203123018027355, 0.8543449159561367
-0.07966439582101174, -0.09184514461483495, 0.851013965332239
-0.07974630894271481, -0.09190656749256405, 0.8520739336594447
-0.07972616855047139, -0.091837188382672, 0.8510580223889934
-0.07969575231305817, -0.0918794036117834, 0.8530608543711543
-0.07971308300573493, -0.09189293755745091, 0.852170432330325
-0.07973540391928663, -0.09184538327393828, 0.8517130366910709
-0.0798368742223277, -0.09194834823493062, 0.8535071581992464
-0.07988093108476566, -0.0920323517081307, 0.8554258377230579
-0.07979503269342914, -0.09193237674438834, 0.8535975460918593
-0.07971160479911422, -0.09192919223353778, 0.8527434659195725
-0.07974509442020884, -0.09186978381233209, 0.8520906549171839
-0.0797978875228938, -0.09196881246115145, 0.8539546860392928
-0.079862832252715, -0.09194708866804194, 0.853970203384079
-0.07973686360344495, -0.09199620287016601, 0.8551548499372632
-0.0798059898451216, -0.09207705855519212, 0.8547071244282137
-0.07972683059873498, -0.09180564917937986, 0.8514915969429065
-0.07967707430038677, -0.09187099263651738, 0.8516701137882963
-0.079793360324029, -0.09179848404517875, 0.8520577103054289
-0.0797591394183608, -0.09191148889584777, 0.8527901224902849
-0.0797263236702427, -0.09182738079735075, 0.8518059205049876
-0.0796809203184888, -0.09182200060362447, 0.8513758798288045
-0.07972399314392836, -0.09180121196288561, 0.8523339902749508
-0.07983872955126786, -0.09192456353636863, 0.853781694285434
-0.07971423982991321, -0.09190305969823012, 0.8527348085338977
-0.07974118398575071, -0.0917349383782488, 0.8526965056913552
-0.07971992627633662, -0.09179629520843045, 0.8515336813320246
-0.07971196377716176, -0.09187736776082486, 0.8526151215236519
-0.07971777088501213, -0.09185705737251451, 0.8525442020514106
-0.079849780552516, -0.09201986328994154, 0.8547524939923562
-0.07969419490886834, -0.09181641487147084, 0.852179786238693
-0.07971811396558588, -0.09189794749161315, 0.8539748149774197
-0.07970384154576775, -0.09180048469875468, 0.8514863625272384
-0.07980668282120487, -0.0919043547565148, 0.8533307361843399
-0.07979759931507391, -0.0918750106527474, 0.8535331045120222
-0.07968341363613095, -0.09185405571500613, 0.8535074246875496
-0.07985420061050472, -0.09202281497493715, 0.8542719689731773
-0.07982987337041386, -0.09176646798759215, 0.8522287232148272
-0.07972412887135906, -0.09183952519019063, 0.8520479639500244
-0.07975564966971334, -0.09186678085702638, 0.8525646610058355
-0.07975877254191645, -0.09190913778757384, 0.85388382855782
-0.07975339645785844, -0.09189983359520995, 0.8529957555667034
-0.07975770528228183, -0.09185065896794936, 0.8523212396974944
-0.07973216060114155, -0.09184764983613067, 0.852220877425857
-0.07984048674801708, -0.0919829178826085, 0.8544229943808661
-0.07998512560905861, -0.09207657976192773, 0.857103567507225
-0.07995022313087535, -0.09215313812598193, 0.8574043489335378
-0.07990081522550596, -0.09199795913797852, 0.8546880601659229
-0.079758795673529, -0.09196962381536813, 0.8546313226631261
-0.0798291578103304, -0.09205670579861376, 0.8548035478375736
-0.07981306847387587, -0.09182168558025043, 0.8549115622335784
-0.0799422368398863, -0.09204851298857311, 0.8565821412857654
-0.07983670886721149, -0.09187693010465234, 0.8546556410524032
-0.0798839021797963, -0.09200208596329827, 0.85486929589489
-0.07995750168567647, -0.09215780876682587, 0.8579498236282757
-0.079831678663958, -0.09191155592385428, 0.8552495944022702
-0.07982681136121282, -0.09190203043531996, 0.8534799637692673
-0.07983511241452168, -0.09194871340504214, 0.8557719643456483
-0.07983308042789942, -0.09189307413488666, 0.8537122885201057
-0.0798028950764115, -0.09194245861612832, 0.8537017998693166
-0.07987026110515254, -0.09194615349696218, 0.8558990031611915
-0.07982776679734663, -0.09192472733923576, 0.8541185501008142
-0.07983350966391858, -0.09189855238045416, 0.8552056996234638
-0.07983295230426532, -0.09196518729867112, 0.8538442792583194
-0.07980087477574753, -0.0918695176875376, 0.8541866631638767
-0.07976919340113547, -0.09179502738840904, 0.8524493193335474
-0.07975163830644112, -0.09169767221770354, 0.8514946326056837
-0.07978025686411766, -0.09171523588889784, 0.8515189524700877
-0.07973437694374534, -0.09169477083912211, 0.8513110578294383
-0.0797178708407103, -0.09176602607114831, 0.8526446656236396
-0.07977098727164782, -0.09174851928546544, 0.8524083003700483
-0.079717669374739, -0.09174332196990871, 0.8527986720390089
-0.079653854932559, -0.09174341840377136, 0.852701980445795
-0.0797374956366574, -0.09167080761227309, 0.8516977754703968
-0.07966308927596893, -0.09159771885093121, 0.8494484899918924
-0.07968263546528873, -0.09171361925385728, 0.8504842162988293
-0.07964719685761269, -0.0917827648768374, 0.8503700115818598
-0.07970302137363665, -0.09167774827478661, 0.8514964042110503
-0.0796796905121123, -0.09172789752356444, 0.850573798800909
-0.0797060755462203, -0.0917246851618956, 0.8507662941522541
-0.07965356868290709, -0.09165397587142507, 0.8501062207986377
-0.07977979549107783, -0.0917613500348292, 0.852869211398301
-0.0796867525178084, -0.0917292364781246, 0.8506906800274961
-0.07969387511519029, -0.09182664605461908, 0.8511694064675102
-0.07962104805488504, -0.09165513594106098, 0.8503320479856967
-0.07971454116412742, -0.09172060944550085, 0.8513783674543375
-0.07974635361270573, -0.09169404768410372, 0.8524811829596296
-0.07969988454471173, -0.0917252975725138, 0.851455486172507
-0.07970701143377153, -0.09166107926524371, 0.852608155278597
-0.07967485405461333, -0.09166832515959311, 0.8524016417759108
-0.07968142925289559, -0.09174437257259667, 0.8510300321194597
-0.07965984451773846, -0.09173509570778275, 0.852970543286449
-0.07961010070987024, -0.09170092547898002, 0.8524296317410393
-0.07940842013509652, -0.09196093457273956, 0.8542385909910388
-0.07954177414680785, -0.09241011440730379, 0.8559500554124487
-0.07964574376433876, -0.09223455614966308, 0.8561411653565041
-0.08006690502803816, -0.09227244896242014, 0.8545447804668739
-0.07960371273163629, -0.09233634698797337, 0.8548422393449431
-0.07990702854354913, -0.09233296696949322, 0.858408625010923
-0.07990268390883233, -0.09175138676420132, 0.8548859814328289
-0.07978540063688024, -0.09159538389236396, 0.8530271616282447
-0.0795374209613913, -0.091679097680773, 0.8522509338350986
-0.07938595427760173, -0.0918586032788209, 0.8536855890225374
-0.07960564114059789, -0.0916173635140562, 0.8523642642344443
-0.0795758123822152, -0.09263036256805089, 0.8567845673676708
-0.07988228216897202, -0.09220194063680358, 0.8568765996146388
-0.08026376763142559, -0.09228124831946247, 0.86086874185718
-0.07970044627722364, -0.0916777583017233, 0.8536993954749358
-0.07974143833911758, -0.09159556773328802, 0.8519686401413635
-0.07984212080669117, -0.09160838138749391, 0.8533915663998899
-0.07986865159499545, -0.09153736340129269, 0.8526663250261715
-0.07989534686324214, -0.092194481106056, 0.8569287252872628
-0.07962426021186787, -0.09166101145084031, 0.8518951143262049
-0.07972593900600584, -0.09151463088833156, 0.8519598042257804
-0.0796780095757128, -0.09183396452008731, 0.8513028591594118
-0.07980374459140875, -0.0917667451741282, 0.8546415865110353
-0.07966961133552325, -0.09172074597225549, 0.8526771730017174
-0.07960648669644758, -0.09168596410943636, 0.85273711510753
-0.07991976817096731, -0.0917190633511927, 0.8548534626750484
-0.07972168300478058, -0.09168347595347154, 0.8538441530076657
-0.07985054536766382, -0.0914272309660941, 0.8536145800824373
-0.07976898478479118, -0.09168067741479306, 0.8519087168689157
-0.07994885604952369, -0.09192840338071867, 0.8562565095427498
-0.0797822340282303, -0.09160898936865267, 0.8517905085324328
-0.07967323418157284, -0.09156644638321904, 0.8525289418369784
-0.07981444317969084, -0.09177637168337324, 0.8533776872843569
-0.07972130665302461, -0.09178354892808005, 0.8534081576766944
-0.0796149128217238, -0.09170059122946593, 0.8518031856574111
-0.07978367864600092, -0.09168095942334707, 0.8515751239889102
-0.0798489247009167, -0.09188364866465898, 0.8546092766793884
-0.07972194452035174, -0.09175859937926162, 0.8534539804909869
-0.07966029072218254, -0.09240242101403555, 0.8561058338459425
-0.07988402799249082, -0.0919156505118153, 0.8558852117154379
-0.0797695797472582, -0.09181692960337887, 0.8536362378444048
-0.07977356327349205, -0.09170452617961122, 0.8531073771490248
-0.07975678065777916, -0.09177733822147509, 0.8531081752774443
-0.07982287555264064, -0.09204733503693611, 0.8564591626158808
-0.07989401348819246, -0.09195528784574412, 0.8543344569020228
-0.07985327112098203, -0.09182132499217348, 0.854231343836334
-0.07984448441161608, -0.09196481452988362, 0.8566050969945718
-0.0796906075413483, -0.09154473875846282, 0.8533359857453903
-0.07978755550435022, -0.09179332708377197, 0.8524564538582516
-0.07972041072897555, -0.09164507389693208, 0.8527814993505578
-0.07968396214040423, -0.09160516007655431, 0.8517933502010472
-0.07963581574307492, -0.09155952871614052, 0.8510311185081985
-0.07966029931160512, -0.09156452513911222, 0.8514417114321877
-0.07970015470363817, -0.09159323015134602, 0.8526444639083315
-0.07975835114138459, -0.09159534845037258, 0.8533403267433429
-0.07968991520850871, -0.091665687843136, 0.8513342082312163
-0.07974536113678388, -0.09157852655547595, 0.8511218987552872
-0.07959104523206884, -0.09152444911178068, 0.8504334126271228
-0.0796090848513376, -0.09165499177759598, 0.8512914450737469
-0.07968099194862023, -0.09158298236182376, 0.8516271379800983
-0.07973367383018562, -0.09161079899923646, 0.8527044642426521
-0.07974942099798686, -0.09147897071892454, 0.8528639539787922
-0.07966154258306114, -0.09142865872890704, 0.8522161438011525
-0.07963489160954303, -0.09168835181903728, 0.8501992738717246
-0.07961454655645954, -0.09157919865277475, 0.8517660582743236
-0.07959924414753389, -0.09158017293986802, 0.8513545231342953
-0.07971701428138836, -0.09157696891012691, 0.8525818927915781
-0.07963288751632996, -0.09153750544381596, 0.851347605219464
-0.0796620481067707, -0.09151723939957633, 0.8515608623535611
-0.07969769303988211, -0.09150025964014422, 0.8524111981251173
-0.07970925838927304, -0.09149657233441326, 0.8523978839559352
-0.0796826618908148, -0.09154786368226464, 0.8526458070785713
-0.07961588755459581, -0.09152340096089295, 0.8516674114688669
-0.07968983172844106, -0.09144536273507442, 0.8515348353997013
-0.07971551673068562, -0.0915135621898635, 0.852002111688978
-0.07965324488120856, -0.09153898565699894, 0.851689332462582
-0.07967939989664338, -0.09151730800646667, 0.8523602780552999
-0.07964916376081953, -0.09156886089061432, 0.8518163588284097
-0.07967284530843464, -0.09145127016318787, 0.8514714519075949
-0.07963941601765444, -0.09157436651753648, 0.8522196161973968
-0.07967260511331473, -0.09148807703045182, 0.8521262959746253
-0.07963076394434823, -0.09155829695202261, 0.8519372062745093
-0.07967501095654403, -0.09148741965336186, 0.8520852035533888
-0.07965641281368097, -0.09153973432192117, 0.8518413991108028
-0.07959791746001857, -0.0915542430655757, 0.8516968882864014
-0.0796463590849025, -0.09152010458837424, 0.8516838209769602
-0.07966484146749793, -0.09149546238098115, 0.8516339996771901
-0.0796784881778573, -0.09146755254814413, 0.8518023869882977
-0.07967695221287908, -0.09152805860464387, 0.8520327092126919
-0.0796786023157511, -0.09150209375740133, 0.8519091591269299
-0.07964453211044542, -0.09153364379673405, 0.8523159269473065
-0.07964453986985298, -0.09157363137032436, 0.8522019768246751
-0.07965977647672112, -0.09153675847934557, 0.8519426433974829
-0.0797146689383656, -0.0914654336933288, 0.8517313335118242
-0.07960624477765926, -0.09157968391108517, 0.8521251237257427
-0.07960795488442939, -0.09150985864526809, 0.8517321061819262
-0.07974087310631936, -0.09162581477100294, 0.8536805399476384
-0.07963796974553428, -0.09149674804467522, 0.8515937352271284
-0.07974269879964728, -0.09156763041056919, 0.8527526748181726
-0.07957408139384854, -0.09155173998955746, 0.851714548565335
-0.0796819229828455, -0.0915111760148814, 0.8517539486803315
-0.0796841352391572, -0.09151571450405097, 0.8523470968752793
-0.0796863721331611, -0.0915281995620821, 0.8525493982421637
-0.07968709618906834, -0.09151473436856623, 0.8520775399218435
-0.07959589561877742, -0.09151820880621934, 0.8517936880905774
-0.07962807832279012, -0.0915216153269909, 0.8522588758734045
-0.07967460512186315, -0.09145199309613657, 0.85202347747731
-0.07963593902111528, -0.09149297657772404, 0.8520933295985968
-0.07966307422120084, -0.09148199314732891, 0.852603389212662
-0.07973052674519732, -0.09146031126167, 0.8526707236072115
-0.07970164670778468, -0.09153943542107762, 0.8529081804371861
-0.0796790839874129, -0.09145840829312563, 0.8521880662595734
-0.07959136096226099, -0.0914645803207765, 0.8515792412828307
-0.07973299139702017, -0.09152217593475412, 0.8527516486696092
-0.0796172403774856, -0.09147316808724423, 0.8515947201225414
-0.0796740462633954, -0.09149913634659522, 0.8525151521329098
-0.07960030578422497, -0.09161697875818596, 0.8526113718407743
-0.07962852653799253, -0.09154349515709549, 0.8523283976680374
-0.07966121045629908, -0.09150024873914703, 0.8522915707224674
-0.07968166893245575, -0.09144337360356204, 0.8515902833274499
-0.07963682039025968, -0.09148992693204366, 0.8515177363748455
-0.07965899298227203, -0.09158266576994739, 0.8530369034680516
-0.0796203550035509, -0.09148135640277258, 0.8521533357557989
-0.07970376333001683, -0.09152164606775127, 0.8533465909857381
-0.079649254153606, -0.09145687420433307, 0.8516704838675723
-0.07960633970972192, -0.0915813988571028, 0.8525923254117785
-0.07969959161760186, -0.09156295622550732, 0.8528315927695901
-0.0796240717990278, -0.09158134348060007, 0.8526861447109653
-0.07961138268350385, -0.09154257381241243, 0.8522966315791207
-0.07961071923033741, -0.09143542972777988, 0.8507993802289958
-0.07961247891686883, -0.0915046433718259, 0.851915287474322
-0.07965461916983416, -0.09147148717192874, 0.8515523303988102
-0.0796678818262914, -0.09146720744169534, 0.8513864725100686
-0.07966179059851669, -0.0915971682885586, 0.8530156932164741
-0.07964113236701816, -0.09148722827877231, 0.8525296807950962
-0.07967121668928812, -0.09144755258505306, 0.8523470565033469
-0.07969120659596299, -0.09141860685743282, 0.852302980373913
-0.07963850457522716, -0.09147766549560811, 0.8520661562325984
-0.07989300979705632, -0.09184448146459608, 0.8545254671841057
-0.0798053817911375, -0.09155862712777195, 0.8542492970916866
-0.0798757062154666, -0.09176480322191637, 0.8544572332159519
-0.07967414101810098, -0.09141965789917883, 0.8530446993838451
-0.07983829065384523, -0.09169496610153303, 0.8544568779371214
-0.07972734207390952, -0.09148667063086696, 0.8515547546222001
-0.07976200946614814, -0.09159643483457812, 0.8518116273617121
-0.07965044663811685, -0.09156811811533001, 0.8526918000012643
-0.07972765466400543, -0.09167617510699153, 0.8517924463263735
-0.0798420214326781, -0.09153867717750276, 0.8545606939762849
-0.07977716054162773, -0.0916809773109337, 0.8539795580239213
-0.07981083596122789, -0.09170131868395864, 0.8544435221752973
-0.0799372194853207, -0.09183049145714077, 0.8564693885591452
-0.07993514012959138, -0.09158967757455203, 0.8537483447526345
-0.07978284098614326, -0.09163689003644836, 0.8534558609958606
-0.07975300942894566, -0.09158483055100915, 0.8541487075182289
-0.07978632839900651, -0.09145857149389645, 0.855470177712572
-0.07967717020422624, -0.09171132274383247, 0.8534138547816285
-0.07967133967949049, -0.09151602445127321, 0.8529032782583763
-0.07974977012502343, -0.09148387727576572, 0.8520027875229262
-0.07965007566596095, -0.09163131669393638, 0.8519340640205136
-0.0796736967654814, -0.09147624765516155, 0.8528768591450109
-0.07976964219927553, -0.09155614501783327, 0.8543713996721048
-0.07958024119321863, -0.091538779343627, 0.8505175222551747
-0.07974343014711412, -0.09163498721596346, 0.852529189443589
-0.07978634936417553, -0.09202666958355052, 0.8570588972909585
-0.07985696136829012, -0.0915388898399952, 0.8542219756120177
-0.079831403423364, -0.091426131859261, 0.8536594967612657
-0.07979270705525572, -0.09148605141212106, 0.8543574349685801
-0.07984365359699361, -0.0915551371242732, 0.8548171930732267
-0.07982891273532754, -0.09138799892642274, 0.8538481664543862
-0.07979235580863243, -0.09149826006206953, 0.8553056325103612
-0.07974151389816163, -0.09173681996189235, 0.8529278279918204
-0.0796487839933205, -0.09150925043784962, 0.851644412529716
-0.07967181861686155, -0.09147064609333617, 0.8524615489277263
-0.07982340824788366, -0.09144582258806537, 0.8557968307955229
-0.07977354116663546, -0.091401754971992, 0.852365365852467
-0.07983624550649931, -0.09148780173394302, 0.8534482182826941
-0.07981840626491203, -0.09142046318382016, 0.8549068108603841
-0.0796676254759836, -0.091420438685899, 0.8524963484545689
-0.0796799334793009, -0.09153037113091071, 0.8498741594053983
-0.07993609078694652, -0.0916083719506951, 0.8525163763398217
-0.07958307384931892, -0.09142999465231995, 0.8505536590255421
-0.07970829872095453, -0.09147879582899596, 0.8535180359315553
-0.07984981183609538, -0.09137315152407195, 0.8540905204209129
-0.07983062058401182, -0.09141744140414305, 0.8558125910760935
-0.07999290189303476, -0.09189857711726054, 0.8602574221262156
-0.07980548860161035, -0.09150622344166941, 0.8536348737665795
-0.07970308078912447, -0.09161099364723126, 0.8517712478543932
-0.0796313558743995, -0.09165030302716252, 0.852253392252612
-0.07994510969927149, -0.09170087901624573, 0.8557714616175981
-0.07984347726191796, -0.09158442037100509, 0.852395056092403
-0.07970341736052974, -0.09158222822406344, 0.8519320591116566
-0.07972728045635494, -0.09159903204760785, 0.8516913387068769
-0.07957985767345276, -0.09146237382196559, 0.85273499831775
-0.07977842060571565, -0.0914390486021527, 0.8553070318225351
-0.0798938673377468, -0.09149766321687393, 0.8540692506978015
-0.07975682334498962, -0.09164512154895876, 0.8538941334377241
-0.07981159368622873, -0.09169245895570671, 0.853079101606841
-0.07976432518962809, -0.09174807864090208, 0.8532363084749469
-0.07967831471981768, -0.09157875027056722, 0.853417557693299
-0.07970776605144636, -0.09159304562803147, 0.8524405995865222
-0.0797491373445436, -0.0915489750519222, 0.8531079993312144
-0.07972350057912458, -0.09155807473094142, 0.8529218803172585
-0.07980648617598092, -0.09138880479676761, 0.853864399262918
-0.07970293185527316, -0.09163128723111691, 0.8534112015310291
-0.07967013663755639, -0.09167876388691858, 0.8536816234435594
-0.07973147170950974, -0.09161203583609227, 0.8529989003714686
-0.07961801969541696, -0.0915759433125545, 0.8514411012235027
-0.07973088921418703, -0.09155523543316135, 0.8517488281210676
-0.07967362187819127, -0.09158935299110516, 0.851920297462684
-0.07962951308414552, -0.09149445061272923, 0.8532063202149499
-0.07970971179765339, -0.09150787462937908, 0.8518276885519337
-0.07960991859902018, -0.09147284524080891, 0.8529728962578972
-0.07969144651005397, -0.09153239856445475, 0.8522542234025675
-0.07970955772714282, -0.09155796890162728, 0.8519046447507771
-0.07970318883904762, -0.0914819536499155, 0.8514506707620545
-0.07966883695634146, -0.09157188033174468, 0.8518152043654124
-0.07974584148489978, -0.09161150989586678, 0.8532385010022185
-0.07969902939732339, -0.09151878743156361, 0.8524084826528694
-0.07969427804959314, -0.09154830980855674, 0.8524519521399141
-0.07964954319164617, -0.09154734263549277, 0.8512523251528884
-0.07971351158160239, -0.09152517876792023, 0.8518999951744749
-0.07965391915011812, -0.09156640784763245, 0.851932318888036
-0.07974412932684616, -0.09150021958715857, 0.8508148868996301
-0.07970455303856781, -0.09151255208348816, 0.85172850937537
-0.07974281031155762, -0.0914774879761637, 0.8518575467166488
-0.07960661394095449, -0.0915694113956962, 0.8546503493559914
-0.07973026105066232, -0.09155482084338906, 0.8533597560866075
-0.07973645332133195, -0.09153884464153064, 0.8530403893135532
-0.07970974355911452, -0.09152183164479528, 0.8524752876615329
-0.07971081982257278, -0.09154511306082298, 0.8514059979496473
-0.07969555844065838, -0.09155780717502864, 0.8520479369952865
-0.07970799226467565, -0.09152554308574237, 0.8520278085137085
-0.07977776078741021, -0.09153903880502438, 0.8529799037272077
-0.07967716820024238, -0.09160360282234693, 0.8525469384447629
-0.07974752719595053, -0.09150871282524745, 0.8525855259453704
-0.07973267809006955, -0.09154550573422422, 0.8528729062988728
-0.07963884558036671, -0.09158986512924046, 0.8520614929193427
-0.07966442220508349, -0.09150804611376832, 0.8515244957121645
-0.07975513746671259, -0.09144657776238416, 0.8514754824983322
-0.07974505810049921, -0.09161889738883101, 0.8537261699258963
-0.07975153381690363, -0.09155570701674537, 0.853125209100898
-0.07972662961518076, -0.0915474099618461, 0.8529564767541543
-0.07961661550574912, -0.09151203934861954, 0.8536545975699513
-0.07965422113607766, -0.09153190738188893, 0.8520215592050152
-0.07968898950519009, -0.09152912857915393, 0.852056889348647
-0.07969292335600552, -0.09150476142305136, 0.8517380807509058
-0.07970649724765952, -0.09146169939402538, 0.853528899356334
-0.07971641129028931, -0.09150034155413664, 0.8520952729613424
-0.0797077309047774, -0.09152850749089508, 0.8528525391395706
-0.0797325540069097, -0.09150621651253354, 0.852170724077761
-0.07971834027986639, -0.09154183440940827, 0.8529791330280613
-0.07974513471770998, -0.09157188035191922, 0.8529248060681924
-0.07972919675823685, -0.0915651633978687, 0.8530401847142322
-0.07967854124400156, -0.0914576971564308, 0.8508605333082411
-0.07965981023963192, -0.091504827004388, 0.8512439253063618
-0.07963086059495944, -0.09153637175864061, 0.8514811769168499
-0.07967275069356687, -0.09154123058891146, 0.8525119956010279
-0.07967872740018035, -0.09143115483380652, 0.8510537374353642
-0.07971725135281486, -0.09155889033040414, 0.8532255876126879
-0.07970332755192887, -0.09150786725086985, 0.8520922620567613
-0.07959447174825719, -0.09148210108233717, 0.8532173839092821
-0.07972262793979973, -0.0915067182376128, 0.8516086295665145
-0.0797196174501201, -0.09150212425908036, 0.8519769032034088
-0.0797048955999098, -0.09148869482894419, 0.8520788645509644
-0.07971945296917252, -0.09147663976489462, 0.8517065124640983
-0.07972009274627755, -0.0914800386890572, 0.8520949181971241
-0.07972182688198953, -0.09148927614655893, 0.852556077522697
-0.07964890137469724, -0.0915021613770117, 0.8516323729169476
-0.07975883398516345, -0.09155755822681338, 0.8527517224482958
-0.07972603199609841, -0.09157870983189091, 0.8531024513949771
-0.07968022328807622, -0.09160649762900958, 0.8531222418680406
-0.0796827556650861, -0.09150378061780096, 0.8519069300110597
-0.07970563661931232, -0.09152216150138877, 0.8524339542888958
-0.07968065606159204, -0.09154908637161302, 0.8526150321809454
-0.07976739445616357, -0.09158301926704064, 0.8536146634933883
-0.07970027980675104, -0.09144816959983489, 0.8518076398339867
-0.07974846842239408, -0.09154166073228624, 0.8530940293811008
-0.07971377769215988, -0.09151657563950123, 0.852479547957685
-0.07965967000491006, -0.09158305671537079, 0.8528012879468934
-0.07971531938680698, -0.09164142980297585, 0.853726997022836
-0.07970446244385775, -0.09146953028889908, 0.8511039545068219
-0.07972239021937402, -0.09153616804452133, 0.8530752603535814
-0.07971881502746196, -0.09149324020247147, 0.8525184640931379
-0.07968615721012572, -0.09155686263048993, 0.8527173626857069
-0.07974876921851613, -0.09156322019008059, 0.8528458256161047
-0.07968179258448513, -0.09146544311425554, 0.8515403271128418
-0.07970119714461875, -0.09150693460199805, 0.8513702786081037
-0.07973932889857634, -0.09151741507553285, 0.8523524993100678
-0.07969940660465526, -0.09143490500493184, 0.8520760299728226
-0.07963976074545925, -0.09145993663723563, 0.8512582526655795
-0.07961964446889931, -0.09146969535833634, 0.8536360635608136
-0.07969863599369002, -0.09152296168172737, 0.8522038653062463
-0.07971948695595958, -0.09153359801087324, 0.8524457048422424
-0.07973076982728138, -0.09156059090291654, 0.8527592882111944
-0.07967943334016651, -0.09151233850618072, 0.8525556139444245
-0.0796634393732672, -0.09144122720372921, 0.8509642025187467
-0.0799414185098457, -0.09148012354595539, 0.8519523562584996
-0.07973988280009484, -0.09146005188474085, 0.8518995235646807
-0.0796829229060159, -0.09156468090453042, 0.8517650731551732
-0.0796659946019398, -0.09156637549665397, 0.8524205221392335
-0.07978179450658607, -0.09152618116429016, 0.8532680678944137
-0.07978496814287625, -0.09164561374938995, 0.8544241369471718
-0.07975177750655994, -0.09144528362140847, 0.8525176531626087
-0.07967105740609949, -0.09155440820931252, 0.8533505018871944
-0.07978534318169421, -0.09192202705246993, 0.8551750673861227
-0.07979640338239884, -0.09152766982480087, 0.8542085154411689
-0.07976223670108054, -0.09156118864391699, 0.8529807406873252
-0.07993042353210662, -0.09156177741515645, 0.8526393041363014
-0.07977319292050633, -0.09147295090673824, 0.8539309760761034
-0.07975206485876753, -0.09144662554130586, 0.8510838651391646
-0.07988260873431514, -0.09161412881561044, 0.855697246544164
-0.07971356491353555, -0.09149014675284656, 0.8518360487955131
-0.07982162434865768, -0.09165061136904834, 0.8525714448056221
-0.07970638929394534, -0.0914448312764779, 0.8523844291419372
-0.07969219954161376, -0.09145729396981853, 0.852389006409168
-0.07971431942230071, -0.09149960435948026, 0.8521852968009099
-0.07977660128016878, -0.091542244762421, 0.8527166840933768
-0.0798085822048724, -0.09150832170898784, 0.8551216703209025
-0.07976791957709525, -0.09169766054927547, 0.8536777581703151
-0.0797851039084923, -0.09145272827861406, 0.8550688701104906
-0.07987026894108103, -0.09159910993109471, 0.8523087035189604
-0.07977485554787357, -0.09157464490804997, 0.8540195312888318
-0.07971315915149249, -0.09208980675103266, 0.8555823339639301
-0.07974824622902106, -0.09155431365399817, 0.8544902010710402
-0.07980638873185503, -0.09161788728809414, 0.8533359185385478
-0.07976415817342787, -0.09154260310184062, 0.853541039800094
-0.0797417239517462, -0.0915350262584809, 0.8528985823825289
-0.07975362268880874, -0.09216921334114794, 0.8551446262136589
-0.0796731832618352, -0.09157295503128254, 0.8538190912324426
-0.07999747498909499, -0.0919600395281912, 0.8573465457438539
-0.07980603587595618, -0.09148460709416134, 0.85368452155065
-0.07998542563164121, -0.09169529833712795, 0.8547171785569815
-0.0796778745851699, -0.0914890695255313, 0.853057774831143
-0.08015124426875508, -0.0918482812882932, 0.856488346001877
-0.07988542903671299, -0.09178029181067021, 0.8587959657689254
-0.07971085426412403, -0.09160155391551571, 0.8526515171259282
-0.07981667767202656, -0.09189618807208637, 0.8553949921202415
-0.08000539912165172, -0.09190525181289358, 0.8613916036054013
-0.0801263327243903, -0.09188712238588004, 0.8568382994124859
-0.07962947778479641, -0.09147850890415936, 0.8512860433838619
-0.07984480203047599, -0.09160146813459558, 0.8564800697094085
-0.0798732016468086, -0.09158748585551045, 0.8525703791783399
-0.07978442907206446, -0.09158264421183768, 0.8556199844122439
-0.07988797860198366, -0.09165742508127897, 0.853530653807584
-0.07985239839741391, -0.0916710863967823, 0.8559139833464643
-0.07975172260354131, -0.09159398056346633, 0.8520902391173345
-0.07965279594466072, -0.09152765612681812, 0.852145374937129
-0.07982360656665309, -0.09147270342914876, 0.8537207208507315
-0.07974881567480718, -0.09151236457875203, 0.852483248942045
-0.07982668026134572, -0.09161732270026478, 0.8545679019842447
-0.07978973624133144, -0.09147905556014642, 0.8519464069713899
-0.07975873368572771, -0.09163637031366759, 0.854742312120446
-0.0796767839783607, -0.09152457776702008, 0.8515747667766782
-0.0797083387574324, -0.09147233231191222, 0.851586120343853
-0.07974325527318006, -0.09146491458433764, 0.8521846342854003
-0.07972601555253424, -0.09155524093122669, 0.8524501777607053
-0.07971204249848785, -0.09149345909830416, 0.8526229566952087
-0.07969590113649204, -0.09150737247721656, 0.8521257567208539
-0.07968815736344029, -0.09153754310188861, 0.8533289397781432
-0.07973693971239014, -0.091553222246966, 0.8535078744821939
-0.0798205308856933, -0.09156118186976311, 0.8537341634521327
-0.07967323491369965, -0.09150557357036665, 0.8522284829723433
-0.07961926156296414, -0.09149561363164778, 0.8511813626976995
-0.07981717166881545, -0.09159040356447791, 0.8545723531264061
-0.07977285351589512, -0.09149447472876847, 0.8524501254482798
-0.07968968448966271, -0.09146309846007178, 0.8517974375595343
-0.07968320151711825, -0.09152376045976972, 0.8519543499560573
-0.07985196136851098, -0.09161876724115056, 0.8552376738015882
-0.0797436244332396, -0.09153855030844785, 0.8527321299347593
-0.07970794538587136, -0.0915191898352462, 0.852045499581953
-0.07970203761998265, -0.0914874237933766, 0.8524881781964745
-0.0797572555000988, -0.0915429452042955, 0.85318517992393
-0.07922583153270754, -0.09160624777212789, 0.8528717364627648
-0.07894329969842018, -0.09180610615636318, 0.8564512745145866
-0.07904273409345319, -0.09160733891887915, 0.8537747113156635
-0.07914401120442931, -0.0916214175463404, 0.852709670909446
-0.07932842164480229, -0.09147212907524885, 0.8518283322076992
-0.07963415336984456, -0.09150745772292669, 0.8509487673661006
-0.07970411938882409, -0.09190986301169177, 0.8532314518380976
-0.07990641850512707, -0.09186966756458101, 0.8555890165238655
-0.07976855980781809, -0.09179773573735159, 0.8541601328286956
-0.08016888698847412, -0.0918473863357268, 0.857564914461094
-0.08056050648812932, -0.09163254019585548, 0.8526724560331294
-0.07973775623087248, -0.09153531829819582, 0.8532069563392651
-0.07976009931979025, -0.09161253033069179, 0.8539699846276044
-0.079931783262375, -0.09199902829343973, 0.8612510854440208
-0.079748939788629, -0.09166864001205162, 0.8559895097733375
-0.08001830546926819, -0.0916564589826107, 0.8544959379208247
-0.07969841839998215, -0.09154216042698753, 0.8514301572247049
-0.07998637411038598, -0.09176301015430818, 0.8566330541733017
-0.07975476233497457, -0.09163863692662112, 0.854240259464707
-0.07962050837112435, -0.09164859897874866, 0.8548233217455032
-0.07926126910353815, -0.09164166324777893, 0.8535669329897642
-0.07960841596185027, -0.09135158436512612, 0.8504767453856359
-0.07967188647100573, -0.09159567207586815, 0.8518123804111524
-0.07975056527544472, -0.09179307567071657, 0.8528633471943218
-0.07986764233979642, -0.09197366252100003, 0.8559211690374308
-0.07979853466001861, -0.09192210774352506, 0.8546995857963117
-0.07981762533096769, -0.09154724166115243, 0.8542444711451577
-0.07978981222738814, -0.09184226625129066, 0.8582716872241355
-0.07977032501609695, -0.09178616876768594, 0.857712196825767
-0.07988364653711634, -0.0919537558314715, 0.8603945160566973
-0.07973131997773152, -0.09150850985114091, 0.8516455811995702
-0.0797492520255559, -0.09149134821787976, 0.851258528237202
-0.0798894195968844, -0.09147781347353089, 0.851505204618736
-0.07995326187116056, -0.09183899381667834, 0.8562541995472143
-0.07980151383266641, -0.0914877438753397, 0.8525715678014595
-0.07971780671015721, -0.09147665700160244, 0.8514173202833757
-0.07984230079530753, -0.09163742506495949, 0.856453962973224
-0.07985902301575315, -0.09153407887302131, 0.8541843624289811
-0.07982454685562546, -0.09167412625922744, 0.8560518756836397
-0.07976656132197522, -0.09162019149413383, 0.8544981123234257
-0.07975537192934276, -0.09154710490354954, 0.8517927650087729
-0.07980483123381703, -0.0915595392077524, 0.8528468403326157
-0.07983580365556926, -0.0914454676135383, 0.8521816442880266
-0.07977707865843464, -0.09162567209332424, 0.8546027115546078
-0.07974440424928161, -0.09148542238367516, 0.8528940069744646
-0.07977903758776413, -0.09141975590717641, 0.851178565773709
-0.07975182151022733, -0.09154513200671488, 0.8522572080464031
-0.07967668630392513, -0.09149407964043009, 0.8520418460528604
-0.0797259243803262, -0.0915507293428144, 0.8536211314761676
-0.07982481710836929, -0.09151561010735043, 0.8530453980862011
-0.07981301455184578, -0.09155654050659244, 0.8538044281076435
-0.07972977318439693, -0.09160037514286903, 0.8533849001053769
-0.07972012816254821, -0.09143822248481616, 0.8507764042599554
-0.07971609771921775, -0.09152497614827988, 0.8512984588377631
-0.0797076005160389, -0.09148821876501305, 0.8526559329388046
-0.07965615808792424, -0.09152954480622119, 0.8524667737383365
-0.07976095821870413, -0.09155032383844418, 0.8527287824401898
-0.07973181359689246, -0.09144117991571844, 0.8514389742684155
-0.07971734009025178, -0.09140490876328988, 0.8510365288492195
-0.07973576960150376, -0.0915555414398762, 0.8526503609826879
-0.0797685024953618, -0.09161169294693355, 0.8542563458220359
-0.07971548856166968, -0.09154179471957281, 0.8531343529346024
-0.07970865000304223, -0.0914725049314678, 0.8522034958872436
-0.07974059751419334, -0.0915365298899642, 0.8528276193970452
-0.07968489871606114, -0.09141440377625207, 0.8508167768433923
-0.07971053985736645, -0.09158016694582086, 0.8526347388571006
-0.07972064700243944, -0.09149820438044386, 0.8524171303175112
-0.07968720140867018, -0.09145342789216424, 0.8517949279453256
-0.07972721919352221, -0.09151633028463173, 0.8528444008079773
-0.07969280842150403, -0.09147823941376589, 0.8519928043543676
-0.07977067214705828, -0.09156011028379954, 0.8530896736400229
-0.07967402102872667, -0.09145299814905301, 0.8520601121748906
-0.07965693232809577, -0.09151834186355336, 0.8520733041667331
-0.07973583985491989, -0.09151161275490369, 0.8524568233930628
-0.07971890098416576, -0.09145172749221646, 0.8520928670294738
-0.079694668320782, -0.091480156151888, 0.8525092371877213
-0.07973747295648256, -0.09159135169908464, 0.8536281593331417
-0.07972661404271084, -0.09146173964446443, 0.852606017202011
-0.07991001989860189, -0.09149382398181474, 0.8521502486978146
-0.08009768004941062, -0.09166801229499344, 0.8549209664742652
-0.07974357295164096, -0.0916661173448241, 0.8544355533998707
-0.07982033712658772, -0.09169408976323361, 0.8568939389353316
-0.07979026059912588, -0.09151412116980191, 0.8522569308417394
-0.07968684775678368, -0.09147208001594985, 0.8515086944302055
-0.07992360973891074, -0.09156008368744763, 0.8531810082580814
-0.07984063766520721, -0.09156389817549974, 0.8527413782089898
-0.079632110751584, -0.09150047242024123, 0.8514202366367626
-0.07974138870264057, -0.09139817651971764, 0.8519676234352968
-0.07976479013091362, -0.09148364376188813, 0.8530866897036907
-0.07975545329321689, -0.0914819851163257, 0.8535476059569786
-0.0797518195884322, -0.09150100215440321, 0.8530759566899035
-0.07978518078872325, -0.09147022073074598, 0.8532743354891787
-0.0797114249017088, -0.09146339167627887, 0.8520117450689884
-0.07974394027801993, -0.09141365359562595, 0.8504183124000664
-0.07972711283502493, -0.09148491310331788, 0.8520618616494022
-0.0797288768453023, -0.09144117411971328, 0.8518485326623471
-0.07966385631313509, -0.09143914393770555, 0.8511861501907657
-0.07969501964285856, -0.09139147020630776, 0.8507362690677025
-0.07979077374752733, -0.09148762432349716, 0.8531110248535444
-0.07990452131617931, -0.09197862548684987, 0.8594631280869087
-0.07979616541152891, -0.09155183493324694, 0.8533717421469083
-0.07967928377013203, -0.09140547618881854, 0.8517227228860013
-0.07968525594650772, -0.09153762049454905, 0.8527551161458502
-0.07975421455085765, -0.09150606790721283, 0.8527524220065932
-0.0797147389413432, -0.09143535431788741, 0.8512117933875372
-0.07964017508487385, -0.09146948016033847, 0.8509263243815329
-0.07968997355819282, -0.0914942015258873, 0.8518610348865582
-0.0796957141613515, -0.09138003330202914, 0.8508291988292072
-0.07971660425047788, -0.09145713174377201, 0.8521010688531696
-0.07971883717924433, -0.0915392559304767, 0.8535204926345233
-0.07973603550435437, -0.09143928257440408, 0.8525984118341569
-0.07974841059156144, -0.09146108850713949, 0.8526841304930716
-0.07966102442356227, -0.0914655716701741, 0.8514776695799893
-0.07964349990805686, -0.09150913950864646, 0.8517880213952322
-0.07974388832656736, -0.0914788719758992, 0.8523022227176569
-0.07965558428293738, -0.09144587225679701, 0.8517603059901605
-0.07968740788516238, -0.09135925576512494, 0.8509236140950224
-0.07977240931921693, -0.09146471782417998, 0.8527569881045429
-0.07969383630923994, -0.0914102610482376, 0.851161624090433
-0.07967545208733987, -0.09139013406445258, 0.850670323699237
-0.07969488458233251, -0.09158827578673355, 0.8531044024035422
-0.07964072319151197, -0.09140422807330655, 0.8509682053202091
-0.07962592528816553, -0.09139202196152468, 0.8507970122831057
-0.07969149102753535, -0.09142153891383277, 0.8517331206715322
-0.07964066571892413, -0.09150391275003365, 0.8523140273850942
-0.07970848957805889, -0.09145398668060456, 0.8518079778542875
-0.07962991145035599, -0.09135976621174123, 0.8505779334530048
-0.07967540844776598, -0.09142977280057253, 0.8513393194581428
-0.07969630695652212, -0.09134558345700527, 0.850665358312762
-0.07968761236056979, -0.09137033218483373, 0.8508866079214855
-0.07966977765692697, -0.09142097266958964, 0.8517283025384688
-0.07966623512079765, -0.09136581010583605, 0.8506231285229926
-0.0796733126424268, -0.09145077433429644, 0.8520794469947739
-0.07967342445061444, -0.0914299922665178, 0.851489446691607
-0.07972071796254807, -0.09155875022799917, 0.8538659838945617
-0.07961536520848694, -0.09140810249471863, 0.8505329158707329
-0.07974285226130001, -0.0914556736118431, 0.8528475466392046
-0.07972382792986446, -0.09145549100184527, 0.8518452806277114
-0.07970217473966702, -0.09146476267631982, 0.8517963077165523
-0.07967900140617697, -0.09138118292692729, 0.8509705241691568
-0.07966020110645465, -0.09146454628546587, 0.8519978392072506
-0.07971357017639946, -0.09135490866386155, 0.8512768385014629
-0.07970446608808371, -0.09143787687607124, 0.8520395640629984
-0.07973692369635427, -0.0914147689574698, 0.8521912496965632
-0.07965507747707726, -0.09142582773216137, 0.8508788161062055
-0.07971221155046747, -0.09147843657664458, 0.8526360636800516
-0.07991458666903317, -0.0918275811748286, 0.8575870579993793
-0.0796822593763357, -0.09148762038212103, 0.8515911794147151
-0.079666607204743, -0.09150370060416779, 0.8525993710063379
-0.07973679035908188, -0.09140443153092356, 0.8520905812374233
-0.07970896918695489, -0.09145398767902438, 0.852478299465731
-0.07968699213624052, -0.09153810700304679, 0.8526627066876071
-0.0797402289035737, -0.09137176516887338, 0.8506819730218667
-0.07961955721695493, -0.09138885265584663, 0.8505297184941811
-0.07970930514044572, -0.0913827376757698, 0.8510358890653955
-0.07965260573167271, -0.0914318903716357, 0.8512129428033547
-0.07975601549787503, -0.09155738132732938, 0.8543860971877564
-0.07970222218879361, -0.09149183421857901, 0.8527706722356574
-0.0796950015028427, -0.0915350506172244, 0.8531724044421207
-0.07970624276998335, -0.09142595756700249, 0.8520050834391311
-0.07958945772559578, -0.09130376832793591, 0.8500065364767301
-0.0797023131043249, -0.09141092759021675, 0.8512342266059246
-0.07968918204225822, -0.09144099639163496, 0.8523043276188531
-0.07969245007542745, -0.09138396368076517, 0.8513161275900951
-0.07973103302671243, -0.09139782018420643, 0.8517249369781462
-0.07970899528190924, -0.09142649958861605, 0.851829339958867
-0.07966213151394601, -0.09151080024863886, 0.8535928864265288
-0.07986729573786965, -0.091927147394568, 0.8607986875742976
-0.07962098848639802, -0.0917973967728314, 0.8557094561804701
-0.07970883592953104, -0.09153618069916852, 0.854173483876063
-0.07980064657494554, -0.09152728641319664, 0.851549402456595
-0.08000692741230643, -0.09164887460860967, 0.8551442255150802
-0.08002765343765898, -0.09175222114515709, 0.8565384961489528
-0.0799568844093976, -0.0914199739407606, 0.8522181285662892
-0.07969073661555957, -0.09156542973130927, 0.8541439009788137
-0.08000036522061897, -0.09169165738910824, 0.8550223507278113
-0.08004056104810256, -0.09174898929380129, 0.8555492036532641
-0.08018119352939748, -0.09173432336476878, 0.8571351781516805
-0.07974260485767568, -0.09142688260052058, 0.8528358795203523
-0.07986876578626281, -0.09183515821997999, 0.8589517675382556
-0.07996616030094048, -0.09175636732597298, 0.859428235431335
-0.0799696615817217, -0.09187413930930943, 0.8613352845592053
-0.07974146066039249, -0.09141440853486432, 0.8523280297872124
-0.08009451664353728, -0.09157909263072364, 0.8577791279120458
-0.07988236712402451, -0.09139796588558577, 0.8511296339228122
-0.07999903082334828, -0.09195875617028745, 0.8586194298484165
-0.07974995332817819, -0.09142634439890625, 0.8515445898602098
-0.07970798490229815, -0.09133257478655789, 0.8511668301497058
-0.0798948425346522, -0.09150763251488363, 0.8554800815159063
-0.07979898620994476, -0.09137400862586577, 0.8539737005565968
-0.07992070273932661, -0.0919295776910968, 0.8594651494012675
-0.08011144891222088, -0.09182458738388091, 0.8586286117884352
-0.08025362590426414, -0.09156839399622825, 0.8569215902513655
-0.07970688518512124, -0.09170034606676078, 0.8556055510060403
-0.07978191264966573, -0.09140681885947438, 0.8542049427009811
-0.07930297075274204, -0.09151055272727683, 0.8538322174421861
-0.08002104392777634, -0.09197487035787093, 0.8618883134289979
-0.0798764727283042, -0.09138606585501714, 0.851178187193019
-0.07970966920527014, -0.09142025628030409, 0.8523512780482037
-0.0798096379802854, -0.0913803469828754, 0.8532978509567267
-0.08012258501706765, -0.09189262821156695, 0.8633271488879917
-0.07976705984553292, -0.09160668168717831, 0.855627181987555
-0.0798580865457905, -0.09135894452454867, 0.8535097605249616
-0.07998897631627877, -0.09185993519080439, 0.8592480166092213
-0.08007553928006184, -0.0917758352479328, 0.8575819889697661
-0.07993536015904386, -0.09182932145762615, 0.8575584588647921
-0.08005008007138559, -0.09183938606650789, 0.8575733470536141
-0.07967811155169023, -0.09131333558959427, 0.850850161508673
-0.07969689579321823, -0.09144767891064186, 0.8520500578147262
-0.0796729242797172, -0.09153617859027312, 0.8530637294107555
-0.07995818780987297, -0.09184735661975921, 0.8591532846206862
-0.07972650821601687, -0.09147830223022728, 0.8530726650962283
-0.07997828389721352, -0.09197529181987281, 0.8611128316147145
-0.07984043041682912, -0.09195563715233755, 0.8592216530944246
-0.07991171466616151, -0.09187829236004963, 0.8590492380333092
-0.07991478144014245, -0.0919130037020797, 0.8588650876715038
-0.07971733304747469, -0.09135722253149836, 0.8513272281699823
-0.07963765626525629, -0.09140508947584898, 0.8514598551813034
-0.07992405506522642, -0.09196115412435524, 0.8595320947312217
-0.07965030964932966, -0.09144762951742108, 0.8521540800742555
-0.07997267473590101, -0.09189878516657697, 0.8605875414711742
-0.07968874519786288, -0.09140479237323498, 0.8519296715095628
-0.07968873662507898, -0.09153565383471304, 0.8542085214070708
-0.07963916423212607, -0.09140210895104078, 0.8518431245068889
-0.07966176887206594, -0.09135721718001136, 0.8511392356626148
-0.07974230087804249, -0.0914891967927488, 0.8531779095642757
-0.07988855590861958, -0.09184154126873707, 0.8580612837623366
-0.0801597685472687, -0.09159004455235797, 0.8577869788472643
-0.07965170211345642, -0.0914628736625657, 0.8524752299802574
-0.07964510119831143, -0.09139173581625328, 0.8516593905348286
-0.08002604932441865, -0.09185725766558005, 0.8598954686311543
-0.0798870558269991, -0.09192038965649597, 0.8589532132973026
-0.07966322456311403, -0.09139602997594352, 0.8515876612051989
-0.07968560149125935, -0.09144060080967034, 0.8522273159620988
-0.07988241313258264, -0.09193571443048924, 0.8592362502331212
-0.07967548449830451, -0.09138916083075062, 0.852482614454044
-0.0799321371817454, -0.0918696588894089, 0.8592311728049657
-0.0800830412180243, -0.09178684313041004, 0.859765925634288
-0.0796850409120095, -0.09147989564608458, 0.8525270586344162
-0.08003069303247283, -0.09185203914248033, 0.8595536726751506
-0.07989459224621116, -0.09193975640635424, 0.858648559150832
-0.07990537755781621, -0.09184385555906155, 0.8588583778510215
-0.07987697010382602, -0.09190291413504222, 0.8590354227110355
-0.07993876697460542, -0.09178148363842425, 0.8583913765926238
-0.07968780962344577, -0.091389717622155, 0.8519506458896133
-0.07990155064227816, -0.09188316476335394, 0.858840854056637
-0.07968576544948351, -0.09139730105086541, 0.8521510759216598
-0.07968457155507622, -0.09144112015734798, 0.8526005956565994
-0.08000994602318755, -0.09184854849953383, 0.8593927589653779
-0.07987660756345079, -0.09187041944685709, 0.8588222012110617
-0.07990911649197174, -0.09184532893257275, 0.8581836287818814
-0.0798840555019846, -0.09184396403467839, 0.8583929938540461
-0.07987470158664933, -0.09191650324605219, 0.8594595983821841
-0.07977453470947717, -0.09146469664130343, 0.8536734415672774
-0.0798770112795835, -0.09177522556268106, 0.8576287340284408
-0.07992433652097924, -0.09178934576365055, 0.858001195499699
-0.07989896112409842, -0.0918321931510698, 0.8586367978767715
-0.07992454892398934, -0.09194025006127399, 0.8601299674354916
-0.08007309865244083, -0.09192176070848505, 0.8606158436084357
-0.07996908482350205, -0.09185673090694943, 0.859417873455089
-0.08004551836477032, -0.09184559848965645, 0.8599307666763489
-0.07994206381747747, -0.09191204964458034, 0.858979350722615
-0.07988104671550618, -0.09181787486491429, 0.8581239941714063
-0.07989363503618495, -0.09189114986196979, 0.8588144432543479
-0.07966603904777278, -0.09139419853912895, 0.8518836737107522
-0.07995598680206746, -0.09184470309316221, 0.8589227878115375
-0.0800603791898191, -0.09176880742610455, 0.859307067832412
-0.07969818157289042, -0.09129657861270055, 0.8514803433578276
-0.07991015591080082, -0.09184828748083243, 0.8584298244158166
-0.08001807964752289, -0.09176220154902145, 0.8587600222415763
-0.0796715174615372, -0.09141617687480053, 0.8522388233104754
-0.07968279471964367, -0.09141879871133426, 0.8524595391679375
-0.0799476552409541, -0.09182977729962438, 0.8589740648529514
-0.07968564189402322, -0.09141042543161666, 0.8524443128183223
-0.0800516689541833, -0.09167984350537041, 0.8581977815841135
-0.08005308039226154, -0.09175999048431988, 0.8591111958767093
-0.08004295037828706, -0.09173301023643751, 0.8581901141905961
-0.07999409726364334, -0.09167793002938981, 0.8578846083269192
-0.07990498919941494, -0.091797976182485, 0.8577443074238387
-0.07971608778954473, -0.09145127452348378, 0.8530912389934298
-0.07990525055246231, -0.09182310501373168, 0.8582743827804151
-0.08004117044096547, -0.091724049248533, 0.8589809018485409
-0.0798777334035623, -0.09177929517168426, 0.8582627941700806
-0.08005669038267955, -0.09172275265162252, 0.8591852011772179
-0.08007356757319754, -0.09172637912956948, 0.8595732410504641
-0.08006403407579643, -0.09176272644430088, 0.8590804933719491
-0.07992821568869869, -0.0917848665450833, 0.8584207774822559
-0.08003937387702877, -0.0917079399920111, 0.8582335026192088
-0.08013207875683945, -0.09162984618714747, 0.8581589072826781
-0.08008516740083886, -0.0916654877185978, 0.8586175644037329
-0.08013512834849368, -0.09174084117354157, 0.8598798541412219
-0.07989311048062486, -0.09181603601660716, 0.8591146422147727
-0.08000996856782655, -0.09175422874589317, 0.8583752249987735
-0.07972227873159105, -0.09135027308965342, 0.8513552839265255
-0.07996143527832082, -0.09186323651643713, 0.8573068820072683
-0.08001963576406432, -0.09188649499176527, 0.8585089302752643
-0.08029706910697204, -0.09166560960487305, 0.8571215656718811
-0.0800312894293481, -0.09178594267543587, 0.8609169923894594
-0.08006391118870826, -0.0917684686993137, 0.8611633670337585
-0.07987848791024285, -0.09182992700319746, 0.8578439237275854
-0.0798642518805179, -0.09188074481686882, 0.857632428817502
-0.08014631508792301, -0.09177762494140465, 0.8614327541762913
-0.07967628395746021, -0.09133390155062206, 0.8504661311021597
-0.07990844740719123, -0.09190574149068989, 0.8589774474729456
-0.08008768916468145, -0.09175004160524346, 0.8621984744881012
-0.07958729969691676, -0.09142604229943643, 0.8511075246744634
-0.0801582524447581, -0.09171843624755897, 0.8602566485728338
-0.08010585743551138, -0.09180155569412267, 0.8595325358919683
-0.07984236309444051, -0.09191415858828869, 0.8589348806770255
-0.0796904084536457, -0.09141516797881608, 0.8512029231989725
-0.08011709694794152, -0.09165816384750915, 0.8596113578917326
-0.07978147570669557, -0.09143375203550519, 0.853827458866409
-0.08006353482098391, -0.09164424456755657, 0.8573692510019065
-0.08009685459884919, -0.09164442672727412, 0.8605343870336927
-0.08012020888903791, -0.09169749047398969, 0.8614922248929826
-0.08010365192468696, -0.09172442711889946, 0.8579137082803411
-0.08005060430706668, -0.09163517475387147, 0.8587877838896695
-0.08016654432453867, -0.09158335898643268, 0.8568086242518832
-0.08005951245901914, -0.09173705639259949, 0.8601539825139886
-0.08015908188145339, -0.09175490488058624, 0.8574140045129213
-0.08012047356759021, -0.09166090618938112, 0.8575012237100619
-0.08010615000490341, -0.09158068489459116, 0.8583267238492185
-0.080139142714972, -0.09173310963150713, 0.8603628773431636
-0.08009163835921265, -0.09159668361966276, 0.8618091530742361
-0.08013575474414997, -0.0916226072542205, 0.8595333770821147
-0.08008357450355535, -0.09165365493899014, 0.8617079727434487
-0.08011770783125538, -0.0916967262473962, 0.8605851594443105
-0.0801373528852388, -0.09162840671277783, 0.8611811975193121
-0.0801480491017512, -0.09167237266994176, 0.8605121026701688
-0.08010670060907928, -0.0916428182384497, 0.8595437028691784
-0.0800458944275287, -0.09166278621633164, 0.857569775514703
-0.08018986002430376, -0.09155714799883796, 0.8563625428494955
-0.08005065826514844, -0.09167358497813692, 0.8607176252939688
-0.079891579509192, -0.09181932199255498, 0.8618079550819695
-0.08002148882182568, -0.0917352015348738, 0.8615273859615735
-0.08020242015092928, -0.09151737691648378, 0.8595036488078336
-0.0800208512024922, -0.09165403098161876, 0.8570106563819366
-0.08025282769817627, -0.09147714235065664, 0.857452426364648
-0.08013000680321027, -0.09158143984628969, 0.857142908280123
-0.0801674004913298, -0.09151991040602292, 0.8566748301259713
-0.0801209198673603, -0.0915801077699332, 0.8591987502078138
-0.08008105124460292, -0.09170525704042912, 0.8621063323490141
-0.08006738210278824, -0.09171608348805076, 0.8619182093860733
-0.08015193963678183, -0.0915539895351389, 0.8597055502275321
-0.08007134488404226, -0.09162517276534633, 0.8582692395656925
-0.0801046434329975, -0.09156253388497872, 0.8576006514762182
-0.08003556799207608, -0.09166320168199976, 0.8576419502925632
-0.08024472618155043, -0.09158370013260632, 0.858013852083583
-0.08020761347715417, -0.09144128998865039, 0.8560532572148304
-0.08008485442820457, -0.09157419047219346, 0.858681468284761
-0.08013124432637243, -0.09168591191407822, 0.8597750373952232
-0.08004939929156536, -0.09168361635798015, 0.8614174033539771
-0.08013551816838094, -0.09164612284352602, 0.8618006304885788
-0.08000632610178199, -0.0917244488282266, 0.8601187224200804
-0.08007111546909042, -0.09156201054174351, 0.8575304150682105
-0.0799997026899067, -0.09152562043441455, 0.8563993447774375
-0.08011055847729356, -0.09152347049742121, 0.8577094323856741
-0.08012851361324792, -0.09157737402263563, 0.8593650437958954
-0.08007633488226124, -0.09163156619063385, 0.8610202783329483
-0.0801320739358991, -0.09172137725071694, 0.8626660935669712
-0.08009162745005463, -0.09170155463778729, 0.8600371999072153
-0.0801005325031444, -0.09146714482621943, 0.8572120071301071
-0.08007407131192694, -0.09155985945357593, 0.8574348397299073
-0.08013184512683254, -0.09157252439785493, 0.8586904757365733
-0.08017634639647071, -0.09163356211411183, 0.8606544713400516
-0.08015579195709424, -0.09153836569840856, 0.8598461881056619
-0.08016600815389702, -0.09157733727934332, 0.860111785955114
-0.08017960732153634, -0.09152662772709597, 0.858526171834369
-0.0801081236665332, -0.09156006535873465, 0.8583128655682956
-0.08011587304796666, -0.09161273078418056, 0.8589715907481779
