0.09968180905454022, 0.09299748080230556, 0.4517755934753756
0.09012764346077717, 0.10686745905768855, 0.4541375384107918
0.0903412257923673, 0.10664127297297159, 0.45330021439829293
0.08999790211897261, 0.10689937833390958, 0.45372346214215764
0.09002241032423842, 0.1069474458609414, 0.4542060141480188
0.08991071914468318, 0.10697508096945874, 0.45446016376376175
0.08981556328223735, 0.10696854439493667, 0.4539765498936214
0.09000359651112658, 0.1068073642049539, 0.45360399521848843
0.08983084381421232, 0.10676540587054079, 0.4540881130762976
0.09014612864803072, 0.10703144480401112, 0.45379467514267424
0.0900829231834461, 0.10688595977013139, 0.4535637283083332
0.0898173903110343, 0.10693596683833245, 0.45412260286794404
0.08974200224689884, 0.10698347041685143, 0.4547845700639492
0.09009300051998442, 0.10692110461669171, 0.453597617353874
0.08974865771464341, 0.10695601126966257, 0.4545492236260868
0.08955993260161023, 0.10705043209271956, 0.4545186239203385
0.08999094984865785, 0.10692567795243324, 0.45445619420864136
0.08976091289434378, 0.10693258978097434, 0.4540644650992784
0.08982144577786957, 0.1069753257389108, 0.4546029535371301
0.08997648493307395, 0.10674230113754557, 0.4539926953922429
0.08980432723118398, 0.10701661168273777, 0.45402702936813266
0.09022842854010805, 0.10688762299062562, 0.45292808232443893
0.08977574633058402, 0.10702262267355848, 0.4545737423236313
0.09015773966697836, 0.10679719676956713, 0.45446848210664015
0.08987725776178876, 0.10687648960805184, 0.4541147690582158
0.09012824901592531, 0.10695901026701339, 0.4535882884408302
0.08987347698167145, 0.10687783274502635, 0.4535628255295838
0.09008101333653588, 0.10682772073794185, 0.45387620163298964
0.09021717422913599, 0.10687686684882346, 0.45337021275267325
0.08960883518678402, 0.1068724253128553, 0.45421476952805795
0.09020107349280798, 0.10662331879910095, 0.45438487164029095
0.08983952702383113, 0.10707928413737051, 0.4539852516878952
0.09008274083427295, 0.10683515346789924, 0.45391937167192103
0.09005839498523222, 0.1068688600840021, 0.4542394173756659
0.09000901135611296, 0.10684411039860615, 0.453708830000599
0.09011112717399403, 0.10697476102872425, 0.4536659656315209
0.09000331500092955, 0.10690834815523226, 0.45423330061502215
0.08984995227031818, 0.10683922521646175, 0.45416192040739395
0.0898754548648183, 0.10680666512731309, 0.45444415636015667
0.08994033806429591, 0.10702517193455373, 0.45443150993428966
0.09006607603624416, 0.10686225772556658, 0.45382694501520016
0.08975438366308568, 0.10701686614018413, 0.4540092742035001
0.08980709350749701, 0.10705574610424622, 0.4538818786323568
0.0898190830807837, 0.10698884674721752, 0.45394935094063155
0.08978865077828568, 0.10690171254934498, 0.45424663057001036
0.08982479269577004, 0.10705550238720649, 0.4539526143909319
0.09001781359283288, 0.10674532668827523, 0.4542871492959198
0.08996047887266626, 0.10682793734026788, 0.4542692215314953
0.09021574739950625, 0.10679159243649512, 0.45345818948682215
0.08996051695623251, 0.1068615158964382, 0.4541946197268577
0.0899515953858592, 0.10693224460473304, 0.45427938058815664
0.08996297711765361, 0.10686434230490569, 0.45376842041546966
0.08990888388246382, 0.10681455335489597, 0.4543936981216483
0.08986358204975231, 0.10688544274742781, 0.45400910419431617
0.08996813169192265, 0.10683143604207596, 0.4541420730662472
0.08979114605695306, 0.10695848325777549, 0.4546977835049867
0.08968247618454107, 0.10683490433856735, 0.4544109666460005
0.0900096057443173, 0.10678278357042194, 0.4541241390252483
0.08998078218773424, 0.10682228429327566, 0.454047374667954
0.08994548860021123, 0.10686533383658994, 0.45373441282988564
0.08974413274048038, 0.10699761260757981, 0.4543183560464297
0.08986670916272044, 0.1069173842112398, 0.45398614129741877
0.08956138246659262, 0.1069328488431088, 0.45505340514548365
0.08980538644711954, 0.10692200134131433, 0.4539648791829021
0.08991389175096391, 0.10696236870765025, 0.4537017943716218
0.08991296115416716, 0.10692320528105555, 0.4537559478851215
0.08965363694475365, 0.10699057088120463, 0.45466804904421754
0.08970741075103146, 0.10696119147900211, 0.45467403430982656
0.08998196069050174, 0.10698479005069024, 0.4539764187792058
0.08981582703048391, 0.10694916567928152, 0.45393640155755716
0.09010444116790914, 0.10684853484974881, 0.4537300926220725
0.08964566965539211, 0.10689255903478825, 0.45449346699563126
0.09018909828434657, 0.1067339322817776, 0.454101158512747
0.0900574676064045, 0.10680289720989514, 0.4541885723924431
0.08986543748315093, 0.10672657676851931, 0.4547428077652133
0.08946849071357751, 0.10711753201047151, 0.45516671063991065
0.08999983878044543, 0.10699874053464878, 0.45419213120865537
0.09024070117563028, 0.10694681399904386, 0.4538316214836258
0.09013884529630135, 0.10693595632966366, 0.45371481834629285
0.09009460248581247, 0.1068971753813291, 0.45378348437552657
0.0903068343324014, 0.1069416677928156, 0.45343491130563085
0.09015059985411017, 0.10683928552202249, 0.4534988361945685
0.0898334704137034, 0.10681595887193325, 0.4543116937064732
0.08975403239504529, 0.10698710289665087, 0.45423037792523113
0.08996463655692491, 0.1067948827774687, 0.4542442868739104
0.08990421126963354, 0.10704248055817227, 0.4545639503231607
0.09000797846628089, 0.10674829935305498, 0.45438064961745644
0.09020208388179303, 0.10684047776640304, 0.4531355808450431
0.09004542430480476, 0.1067870437831689, 0.4537883918359881
0.09002360774411673, 0.10676188156473498, 0.45430447594220336
0.08995772047924801, 0.10672413228958239, 0.45429141566124176
0.08984711361216827, 0.1068795186887545, 0.45429088418031427
0.09007027526642176, 0.10685981912713281, 0.4538826428565359
0.09002998391763795, 0.10666401815016589, 0.45433930908530573
0.08992412555345018, 0.10686966262919072, 0.45410807329814834
0.09001897720661946, 0.10712530049128384, 0.45377537984224986
0.09003842583420547, 0.1069129999661781, 0.45441814726829316
0.08982575580432603, 0.10699281879961428, 0.45471434613967493
0.09006307148073543, 0.1068513831744699, 0.45405344924625224
0.08973043965991902, 0.1070568032690991, 0.4548776666698048
0.08985722920045534, 0.10691237380287717, 0.4547974898947997
0.08999717827996428, 0.10700676413926559, 0.4542726384759065
0.08978069736703496, 0.10678716631667555, 0.455058448059576
0.0900394533915075, 0.1068012075874663, 0.45352244089003363
0.09005393915259083, 0.1068968787727649, 0.45387798358292747
0.0901987086315224, 0.10682680243087292, 0.4535895318801017
0.08991228177660245, 0.10682404427050772, 0.4542088465196448
0.08994343578842084, 0.10709198073955588, 0.4539685054953419
0.08991427273791118, 0.10675794893681126, 0.45407957446186853
0.08988863744385073, 0.10684861570501526, 0.45444212421859526
0.08993675321801917, 0.10681351476795312, 0.45404740355910556
0.08982842209156669, 0.10729500829395235, 0.4557251238031374
0.09034626511036867, 0.10684441339819933, 0.45387736082315866
0.08985965467782164, 0.10698879367510906, 0.45412069665442406
0.0897978168180061, 0.10691188981560631, 0.45511982985094335
0.09014054989106743, 0.10676577669321209, 0.45379500286227503
0.0900551202284128, 0.1068616337957618, 0.4541047487582482
0.0897074262568757, 0.1068696772994621, 0.4542756428771239
0.08944686432396357, 0.10700976818114706, 0.4554538021680234
0.09012555898246158, 0.10681576326208414, 0.4544388054454334
0.08991070179314598, 0.10690893970500952, 0.454072508396712
0.09039207701397153, 0.10668271195948395, 0.4525584003927294
0.08949899347728887, 0.1068163002687671, 0.4547777487459694
0.08978835664124568, 0.10685496535311892, 0.45441960622911304
0.08996008118375243, 0.10696990356332334, 0.4541613390063501
0.08814215025461644, 0.10387437822781938, 0.45790301830012553
0.08391624624764875, 0.08116367879661865, 0.46827390111428785
0.08137951135345807, 0.05619594809718103, 0.4709835123672731
0.07874367526214214, 0.04990998408262419, 0.48083363053601574
0.0793926601874722, 0.04993743124705827, 0.47912871158359405
0.07859916497778247, 0.05001403265935004, 0.4811490281764456
0.0793209037031655, 0.05013392610812109, 0.47866911235997317
0.07906487580273555, 0.04976537974321984, 0.4806579183381251
0.07885489169888318, 0.049969500664900454, 0.4805487998229092
0.07857641982631271, 0.05000538465469142, 0.48103595411153555
0.0796076609162832, 0.05025116786309218, 0.4767779792820428
0.07937755151341905, 0.05014311235634205, 0.47813070305366795
0.08011663589777854, 0.05036560481794883, 0.48012804718298696
0.1045896359162414, 0.04810219851551273, 0.4799459210567553
0.10458881829478218, 0.04802109261246023, 0.48033794867505397
0.10511449262476157, 0.04811546763968488, 0.4779835329099862
0.1058066023153702, 0.04784346943166306, 0.4775137198801702
0.10497089405824903, 0.04804856096336326, 0.47920008520373053
0.10522966804786099, 0.048173204694547625, 0.4777108872131103
0.10528854058951996, 0.048016972885819284, 0.4773200896433382
0.10488740928423794, 0.04808324445149227, 0.4797228934348427
0.13012811962294762, 0.042885125688146876, 0.4648980685895833
0.17138679192531608, 0.03464139925118064, 0.4386180914681706
0.18067563091153083, 0.033006832500064476, 0.4308624454882176
0.18087675647907223, 0.03318097638739627, 0.4329647946216146
0.1810639629916236, 0.0330466408803273, 0.43298341272906316
0.1807453017598333, 0.03321034778841917, 0.4323236711570252
0.18082971579192922, 0.033231970175555466, 0.4323447271252099
0.18069445404992268, 0.03310974997656641, 0.432811605226068
0.1808178479018616, 0.03322303987170325, 0.4322804583017352
0.18086141830153837, 0.03315802388122794, 0.43239262522032135
0.1809015872003787, 0.03306998523180513, 0.4337274017566297
0.1730819423187294, 0.035239712290167195, 0.430966130316014
0.17077934383820598, 0.03434608962906321, 0.4375648072113949
0.17044080601130418, 0.0345923289378232, 0.43779806855627607
0.17031662750771184, 0.03456745190550305, 0.4383249244863139
0.1703832970929394, 0.03476018246542129, 0.4377844625407434
0.1547285166503979, 0.038336975487059125, 0.4395269697183013
0.13049823135203018, 0.04216953946763916, 0.45202886679666704
0.1208708271438954, 0.04394273568116906, 0.45287324147410357
0.12020645837259085, 0.044120013452688636, 0.4524474242445456
0.1203978697230227, 0.04420189882068619, 0.45182005328542874
0.12059279201221357, 0.04398941373677461, 0.45286880439762806
0.12032356340565813, 0.04419127666321435, 0.4515488873852495
0.12029443186519834, 0.04412187863606981, 0.45206155311943236
0.12153703739524784, 0.04890428827925936, 0.4573491771475009
0.12349296621689121, 0.07111999841962101, 0.4484380174848486
0.12582677623521674, 0.09397159440797763, 0.4434072606690864
0.12715690357819154, 0.10529069528922935, 0.436501182115621
0.12651018952086834, 0.10574422703702503, 0.43602408529298314
0.1266475166192401, 0.10584924911471165, 0.4367620020002562
0.12700428714175716, 0.10541900648456023, 0.43659460533733163
0.12716746791535616, 0.10560209577952502, 0.4370986120426212
0.12702115396797772, 0.10522270936555922, 0.4382896618338184
0.12948285175973262, 0.10373474912523005, 0.43419933779360037
0.13730277761518672, 0.09599603733068215, 0.44125592977279304
0.14285818267301786, 0.0910397148528613, 0.44257959715933315
0.1480161916847315, 0.08443787220669394, 0.4403208096002638
0.1536485350204576, 0.0775875060104936, 0.44195239998388475
0.15937666216561297, 0.07003439200217815, 0.44299274706109937
0.1641708143410376, 0.06387124487511747, 0.4417791854538996
0.1676558115109824, 0.05732188918233117, 0.4396217032142979
0.17324668126508924, 0.049005373920009615, 0.4422031740767257
0.17686573510335743, 0.042089443880444215, 0.4424695226401969
0.18029323962255686, 0.03464988405230011, 0.44473921905996566
0.18299098388115745, 0.027689256904532722, 0.4440773916829266
0.18527029392067937, 0.0211055169787163, 0.44296961361595333
0.18681768979165886, 0.018249697600068764, 0.44213306507002026
0.1869367146385596, 0.017929519338531062, 0.44315628008157076
0.18687066848143627, 0.0177549566006956, 0.4448215258680749
0.18689181295539836, 0.017944234081891393, 0.4424602548787695
0.18694347893184132, 0.01800401337988264, 0.44227429609399055
0.18686492949006703, 0.01791745952926587, 0.444122193018491
0.18692067936022577, 0.01807922606854439, 0.442842841324036
0.18670528607514197, 0.01811494910521291, 0.4421770573330048
0.18694821681475934, 0.018033800959394625, 0.4423249129989005
0.18722045595369435, 0.01653373523622455, 0.44224868764530195
0.190042473991079, 0.00791655438231842, 0.44359625240127687
0.19257975109032402, -0.0006169043409961952, 0.44462952146944634
0.19402793859939046, -0.00834792943721884, 0.4436946480548997
0.19432014112016638, -0.009082044910773536, 0.44447194202641366
0.1942795594185543, -0.009514064091849668, 0.44368702697757234
0.19426883954973792, -0.00914566677552743, 0.4447010172867652
0.19401208272059492, -0.008274280599844013, 0.44357960870063645
0.19402155208306776, -0.008708732657040117, 0.44514780170720014
0.19418661283266678, -0.0087391612871237, 0.4443635573757709
0.1940794804810351, -0.008707772772722172, 0.4446187015113423
0.19461653482584287, -0.009693789266304077, 0.44548159820105243
0.1948101367265599, -0.01416683777064195, 0.44462400683350073
0.19617905456779802, -0.02135090947050196, 0.44298413313349844
0.19682348542031003, -0.02938604317280048, 0.44317900762162127
0.19683162835000392, -0.032484044179399874, 0.44213083177019125
0.19757372354522712, -0.0333859746793032, 0.443856566732671
0.1976304499690281, -0.034157199085165575, 0.4465868200271094
0.19772370747142068, -0.034188229502754214, 0.4467636722845382
0.19802708059952623, -0.03384140645445528, 0.44646445047907257
0.19769880002932536, -0.03402371437335898, 0.44589879981172476
0.19756501159332485, -0.03372445176148255, 0.4448259730450768
0.19750331628816872, -0.03389511269425584, 0.44522674395599365
0.19668131204851616, -0.03084300100821047, 0.4468162524454623
0.19597328122867902, -0.021604848486821517, 0.44426527783925673
0.19477571756549486, -0.013501077337441025, 0.4440991131471724
0.19293937697276844, -0.004050146406323066, 0.4440550150279457
0.19077139574288102, 0.003965822198907352, 0.44277756682113983
0.1890545128594888, 0.012002646920849498, 0.44414715262762244
0.18575590216803614, 0.02036103288737687, 0.4433546200379117
0.18306745941368033, 0.027749780053492806, 0.4431470781243724
0.18161539198676346, 0.03170440134567741, 0.44401078908652897
0.18123749885406776, 0.03222496420786662, 0.4423516080117487
0.18184700065740858, 0.031391187348834615, 0.44546292921591585
0.18184182669224547, 0.03183922355786583, 0.444868822889051
0.18144080275086555, 0.0316267885174894, 0.44487377308831355
0.17039860481208358, 0.015265392435140744, 0.44771141832699196
0.15899849200766303, -0.0037748955107006167, 0.4557250714136245
0.15494758164244785, -0.011227735715824007, 0.4545016484792228
0.15495492236044697, -0.01150612822595534, 0.45491471161392943
0.15484789827956455, -0.011654748879047577, 0.4559999990197859
0.15481851195740814, -0.011617921312069472, 0.4557162445331259
0.15481391017700408, -0.011858138480435576, 0.4568596483420218
0.15475196992125073, -0.01187337488446726, 0.45634529481205294
0.15469914766178738, -0.011047626794320259, 0.4550997335896658
0.15479783421126397, -0.011277763980121425, 0.45428541493658636
0.15652187382094815, -0.012692940157934202, 0.45702308328525526
0.1749754122192397, -0.025878587688875614, 0.44794117659547117
0.19502009971648904, -0.039372824040073404, 0.4348611391044677
0.1966810601923727, -0.041023515740590856, 0.4368489624873857
0.19666445771848523, -0.04047438721073808, 0.4373179514545635
0.1965045387600334, -0.040704016190455744, 0.43663977723395564
0.19586805380922276, -0.04008471619118379, 0.4345872849816
0.1961375190675164, -0.040624091939416226, 0.43596180135001833
0.19612325961842586, -0.04040085363306118, 0.43442851281914285
0.17719710767380248, -0.02693451899167863, 0.44600853263574874
0.1576023644839685, -0.013328202118326516, 0.4558268801916829
0.134477835920984, 0.002463886059248204, 0.46324184414302355
0.11324143311754689, 0.016960212641259274, 0.4718416195443388
0.11101221285145611, 0.018236305808620443, 0.4728409670862569
0.11120131110452322, 0.018393013608287424, 0.4706810682513195
0.11107573928142754, 0.018061660616414392, 0.4737663631698712
0.11106183040544954, 0.017929214444157016, 0.4741858551496187
0.11146057574807819, 0.017887390573826024, 0.4731751133603031
0.11173800315362714, 0.017562427300096925, 0.4736206827804973
0.1117357234961097, 0.017902602650713494, 0.4719684441574077
0.13909100805960875, -0.0012272555983537557, 0.45510113646096184
0.1665369259559928, -0.021978285608781182, 0.439860595897315
0.190178869071758, -0.04001521620471428, 0.42697165319364955
0.19123047259973702, -0.04051789707671951, 0.42464807342645966
0.19131924546510737, -0.040514821625174585, 0.42401159429391294
0.19151845304034676, -0.04068002957159184, 0.4245523143403396
0.191330672200917, -0.04055148014516243, 0.42481694988684965
0.19130758915866858, -0.04027161635794612, 0.42401596529404695
0.19121861714794722, -0.04033598505669304, 0.42432830439802965
0.19116323539583824, -0.039946031586264086, 0.4238237504938317
0.17912015534401288, -0.0316119160570578, 0.43241398411183524
0.14343544488729573, -0.0050512484891235415, 0.4558327485688538
0.12312625380352112, 0.012301745411650246, 0.4642737278618899
0.1295557510071798, 0.005373162270310504, 0.46010708878589573
0.12922829263327423, 0.005440600967193692, 0.4624231695527714
0.12954386701852488, 0.005447854199781755, 0.4603848338938235
0.1294247902270403, 0.00550074438775429, 0.4606929264020678
0.1295983907707294, 0.00531798348465114, 0.4620038447932045
0.12975207184174073, 0.005164706131109456, 0.4610158165578554
0.12302815112687762, 0.008528973665059803, 0.46396257258449203
0.09696446460068847, 0.024093568498566708, 0.4582033794272581
0.09560199826524214, 0.02440366465648819, 0.4580265472217353
0.09460255819848142, 0.02503300243435563, 0.45953684261784733
0.09451870050102483, 0.025494402099166025, 0.457988753469161
0.09454032677342258, 0.02536079732177299, 0.4585349111222116
0.09557835381854635, 0.025231753893752207, 0.456393329971689
0.09573668385653578, 0.02484228045710886, 0.4579227178067763
0.09625617679909339, 0.023966682245156804, 0.45923343349199547
0.11605795178070143, 0.012840407140650349, 0.4615362556244731
0.1169450786440213, 0.012350824566035765, 0.4628239147676609
0.11675363351821738, 0.012556982248462648, 0.4610669754611453
0.11680598849829674, 0.012487557850876229, 0.45957826991996115
0.11683103594083692, 0.012311978941049611, 0.4602960153457254
0.11671555004719647, 0.012257744405799983, 0.4630315403015557
0.11744190924340346, 0.012599391160948777, 0.46075665449886316
0.11750181697456205, 0.011972930842872351, 0.4612162906424916
0.11684627905282467, 0.012149616532312958, 0.46146804009513476
0.1002656533516838, -0.010766679820740827, 0.473753008277137
0.09903034876919099, -0.012933533198719588, 0.4706084733612274
0.09885498247704626, -0.012587678274481868, 0.4703961012515204
0.09826194376749865, -0.012535138864101509, 0.4718152164693422
0.09844749774701818, -0.012289869570372468, 0.47110877128417605
0.0982880756869674, -0.01266674813031418, 0.4725979634721723
0.09918845090452529, -0.013292520242640873, 0.47147787761293686
0.10570729808181982, -0.002200464782285879, 0.4668411982425055
0.11126400248366057, 0.0051764355844382175, 0.46342779066992196
0.11130636616463942, 0.004739085901467718, 0.4672090755204836
0.11178423406080013, 0.005373496015842309, 0.46279704735375843
0.11258892618782247, 0.005760255256868108, 0.4631594452743316
0.12666037168792774, 0.024825231420944335, 0.45627822699529685
0.1322722393074713, 0.032865811876590885, 0.4521930167165028
0.13244542001554255, 0.03287940833675492, 0.45037308668780324
0.1329090524200447, 0.032694548765510895, 0.45153377909164155
0.13246188057073632, 0.033240220762741045, 0.4488000751617361
0.13163961392708548, 0.03398019685884122, 0.44970009622554324
0.13184319267093206, 0.033616132909736494, 0.4507622541483405
0.1322490877959926, 0.032829791464992555, 0.45385029650865405
0.14245290176546468, 0.027398741739241738, 0.45216614881726735
0.15619144136734486, 0.019904117489985766, 0.4519432585134634
0.15556624634613864, 0.019418539990371887, 0.45392233909768226
0.15573887808799225, 0.01954630906360192, 0.4554582592416151
0.15576706409271254, 0.019090106330555908, 0.4546602027385609
0.1557743436411973, 0.019266474619424736, 0.4534405511692581
0.15507392497124392, 0.019636387204548036, 0.4531632658562353
0.15549738171832647, 0.019403650304590382, 0.4543141416964313
0.15531284343448845, 0.01982124993323656, 0.4527514261770123
0.15557594942094072, 0.019387451662010086, 0.4524683598409338
0.17659960116191026, 0.004176063797281742, 0.4424103183120995
0.1942872553721912, -0.008931903857777883, 0.4303160052235473
0.19545729358227504, -0.009167883123166682, 0.4307713173428723
0.19490959465028124, -0.009374702713582714, 0.4302749692261786
0.1950187854395722, -0.00929957704089263, 0.43039641304836007
0.1950776724246998, -0.009251824317404362, 0.4305960197925144
0.19509508730912714, -0.00901300924090624, 0.42912969623864866
0.19498425446823062, -0.009423854946632521, 0.43030170276448687
0.1825069086679082, 7.933485665474224e-06, 0.43880148490353416
0.1473541998842985, 0.025778319215140795, 0.45865349053928484
0.1417172772620382, 0.0299790188240532, 0.45890623298395883
0.14165880607437412, 0.03013561141226249, 0.46220817292074284
0.14120223793773656, 0.03039434704075849, 0.46162975898794895
0.13671675693950036, 0.03360916541123403, 0.4616223126385204
0.09949041287275312, 0.05971201875787383, 0.4828099265887528
0.09058381202087182, 0.06621173052026744, 0.4851070574891837
0.09013306862833069, 0.06668271243684794, 0.48670216960114976
0.08932705340811521, 0.06750982118149762, 0.48695906822714896
0.08954842307100236, 0.0672520637352686, 0.4870880579241392
0.08985660391319204, 0.06683951176949988, 0.4887055580786006
0.08979006552982557, 0.06697124627174382, 0.4856795756360875
0.08961026713215926, 0.06699294897210695, 0.4876549842929618
0.08992050065677136, 0.06695235364505545, 0.4866898691702237
0.0894360386382151, 0.06716614404407402, 0.49065588520351955
0.09006734458559144, 0.06674144814016167, 0.48745006490640275
0.08966194393953225, 0.06698660183733382, 0.48893129580642014
0.09037874203691074, 0.06682714056120888, 0.48741436398746674
0.07784093386914756, 0.07447926916741843, 0.4906664658149042
0.07670731322361445, 0.07515262285581469, 0.49058688003713175
0.07666017329114848, 0.0756122949324978, 0.48761900997784
0.07657806048947194, 0.07563733116860218, 0.48731332451497894
0.07618205382642095, 0.07555316453335338, 0.4906921333717021
0.07646108355208418, 0.07510128125278277, 0.4889152347977348
0.07615979181680368, 0.07528245659855123, 0.49180415762637125
0.07629322773681624, 0.07543753003280913, 0.48940526519282346
0.0817269282740053, 0.0716833088563984, 0.4870657241702803
0.10072996825638815, 0.05987590737458828, 0.48310908521897117
0.10239249243905983, 0.058576868268270396, 0.4844310212345345
0.102486137091807, 0.058381283805781385, 0.4854418897978993
0.10259062375473958, 0.05839699081181468, 0.4835863889853058
0.10222547813134511, 0.05876078722109718, 0.4839920820497718
0.10227871442866192, 0.05865555898296364, 0.4836065469308722
0.09996445640911845, 0.05458517733439202, 0.4840871596376153
0.0896721046310805, 0.0372015377931038, 0.49247296371789673
0.08326803848097793, 0.026006691172644744, 0.490944038886649
0.08257784385748698, 0.02535678736105844, 0.4932130312152864
0.08281619529581734, 0.02592612664200028, 0.4913109584371014
0.08293751908608626, 0.02591077027719337, 0.49194111524539064
0.08295692805718186, 0.025916367500433996, 0.49281759431026645
0.08303004083641098, 0.025292144469879284, 0.49182602160294625
0.08299114511257848, 0.025554372787748553, 0.4911611719443592
0.08982314579519891, 0.039675271933709434, 0.4876505181525056
0.09291458788769844, 0.04292886938833928, 0.48588373995878326
0.09308466882282274, 0.04352916267224847, 0.48632496097261074
0.0928619161064577, 0.043364811798740244, 0.4872190389052957
0.09320271288860615, 0.043004148751556046, 0.48520440872774184
0.09313102759321724, 0.043242342736504104, 0.4858080898146349
0.09279363956600224, 0.04297304370262185, 0.48968703768932703
0.09299491745064409, 0.04295348378435765, 0.48928164924370277
0.09650400874780994, 0.038936224990286365, 0.4875988689351067
0.09734201000581894, 0.0381360460084748, 0.48880486532095135
0.09704494057084964, 0.03844653801527064, 0.4886590859669869
0.09703146097958604, 0.03798545067065269, 0.4889726392822567
0.0968854874217192, 0.038035508798260474, 0.4891213280140013
0.09709077239397888, 0.037986494248060956, 0.4904112402060553
0.09713018136663921, 0.038112052659501267, 0.4891818726151565
0.0996548473968031, 0.034516376362090505, 0.4921396684462191
0.10275048304567831, 0.030959265118373634, 0.4874474161264368
0.10653403485541259, 0.02599670726428518, 0.487652689189305
0.11005956517154804, 0.020116584094562337, 0.48932446483997416
0.11249003164518376, 0.01546787165763449, 0.49058991582782563
0.11521729456544491, 0.011033336772776054, 0.48503926632019617
0.11749768708522292, 0.004788482689739555, 0.4913303072114194
0.11918038265054787, 0.0005322767288401917, 0.488589541157431
0.12106819604917475, -0.00471152932569635, 0.4897438644211565
0.12281679350684738, -0.009376647264926173, 0.4907087666292336
0.12477331761475119, -0.014895426878018602, 0.48846661066472685
0.12606537072073676, -0.01907188357761925, 0.4897102102424236
0.12601204502074861, -0.019428176419561485, 0.4888999097653648
0.12592515350153774, -0.019209403449118524, 0.4883938824893211
0.1257076422981462, -0.019282078893489055, 0.4919025197543787
0.12596989662613495, -0.01911649398189337, 0.48772284444203695
0.12558430071890464, -0.01914465021959581, 0.4906459550156041
0.1258435696809372, -0.019126080836724776, 0.4901673517744766
0.1257949585123533, -0.019216105968467834, 0.48977356300622676
0.12564359444174697, -0.019117517253006387, 0.491151322201008
0.12593766466116255, -0.018931668651246198, 0.4892325739527775
0.12568004306674, -0.01944740694325264, 0.4913317647879278
0.1257451035715419, -0.019375370613261535, 0.49175893594027587
0.12589158253415528, -0.019460618569662778, 0.49069770592724293
0.12544329673858107, -0.018347212720298687, 0.48982654783560964
0.12585771671034424, -0.019527682627686577, 0.4892403579236535
0.12624081762429154, -0.019409913023177076, 0.48807138915029286
0.12537181093727084, -0.019279793981076487, 0.4917313823406649
0.12534812243630072, -0.0193259078271325, 0.49193191763636107
0.1258668214232244, -0.01910765121347549, 0.4902353821649765
0.12604441071533842, -0.019505292747214863, 0.4901011513606391
0.12559137938679146, -0.019762394299178795, 0.4923521798812747
0.12600430247676547, -0.01915512127748867, 0.4897520022096727
0.12564392419022047, -0.018691218465624947, 0.49015715147514227
0.12619724313640454, -0.01928085107886519, 0.48840346248294964
0.12571420077423157, -0.018764930266216794, 0.48953312382906244
0.12601831214386028, -0.01941187811709579, 0.48881806718625137
0.12616664105465417, -0.019474047678766867, 0.48952679741368965
0.1261958284332347, -0.01958021173909814, 0.4907101431998324
0.1262530749196396, -0.01951408767044431, 0.4883042798182286
0.12568108861367494, -0.019366385113599737, 0.4917728878215343
0.12595959769426895, -0.01988958695354389, 0.4893178467611083
0.1262399827805015, -0.019537511221182018, 0.4896574462882519
0.12561337060335565, -0.019383655239766893, 0.4917242808057857
0.12622490578518178, -0.019684701247863957, 0.4913887645777444
0.12605302985344852, -0.01946476169446963, 0.48985283729617873
0.12619335969020265, -0.019346738468520048, 0.48924134583492035
0.12604320163817198, -0.01966313718546291, 0.49011763054493734
0.12543914060013547, -0.018370099974797664, 0.490138198509563
0.12570978491852222, -0.019063169788484713, 0.48913454136118567
0.1262732203874287, -0.019790751754486323, 0.4904810524313258
0.12618721011444745, -0.019321079019763703, 0.4891260190304689
0.12604796944859206, -0.019785434842969553, 0.49040457108913926
0.12556420981029856, -0.019355291573505275, 0.4917100912068692
0.1258619691740233, -0.01948215406109227, 0.49178093292507763
0.12572564010173823, -0.019605566933412893, 0.4909756764863918
0.12602937509486165, -0.019296933271450063, 0.4884348680294337
0.12570608320372287, -0.019155421996544016, 0.49060321014541375
0.1261248098221786, -0.019547066309270028, 0.48978562694655975
0.126011175414208, -0.01943064174106441, 0.48995508040919666
0.12645898548158005, -0.019537172666142473, 0.4887117239087777
0.12635148533402815, -0.019539523790911673, 0.48852752608333305
0.12569744950181388, -0.01935849248267227, 0.49025329580654936
0.12609821072026053, -0.01985746894338998, 0.4893183745152348
0.12594556500642184, -0.019011809254820225, 0.48914160622268477
0.12565340347864956, -0.019105248048851324, 0.48840550773336505
0.12571387998776837, -0.019306418042794905, 0.4896053178683315
0.1256268832759071, -0.01949496051197525, 0.4905928299247053
0.12618579977668495, -0.019510352700181366, 0.4897043311372147
0.12607957279346463, -0.019717796233805637, 0.48958865671526736
0.12615128256634356, -0.019556252431111743, 0.4883309550853018
0.12612743030137097, -0.019714442245260737, 0.4891746085922356
0.12611525483928673, -0.01944232809846905, 0.48866664589146463
0.12616851736274165, -0.019434901053531805, 0.4894355530817206
0.12591737588131738, -0.018809657287749443, 0.48871676637808165
0.12561093647197635, -0.018754925774557767, 0.4880935377444177
0.12610533519660683, -0.019312273761988866, 0.4899119794891693
0.12590485213794306, -0.019325436026904785, 0.489348555195494
0.12560786433168417, -0.019393980257330537, 0.4912756878606714
0.12625339506707872, -0.01929720657740689, 0.4885557768972908
0.1259108681595306, -0.01930195406310348, 0.48842625888459884
0.12615363901177992, -0.019641036988984707, 0.4909040429661552
0.12569563269886017, -0.019120677078433887, 0.4895680089598907
0.12604672672020772, -0.019419280545663716, 0.489404027975779
0.12581128748237186, -0.019336369704625045, 0.4914283085920863
0.1257223435384687, -0.01934917834766802, 0.4900502170702816
0.12609255976370037, -0.019503750770098544, 0.4907698550880182
0.1260086857461024, -0.01939219704824951, 0.4896050337885105
0.12616417092654916, -0.019468392245834354, 0.4887395241153487
0.12620013658537554, -0.019596278257220618, 0.48968281516111645
0.12564021148857013, -0.019400694907784857, 0.49046407263229236
0.12580648393816057, -0.019437067819674088, 0.49061181981099977
0.1257279357533315, -0.01949904088844448, 0.4901019635829988
0.1257376730472239, -0.019373609449098897, 0.4906940566209253
0.12568646522305665, -0.019525668431497313, 0.4895851987412321
0.12574383290937363, -0.019749742346168102, 0.4906671200828572
0.1260447932252267, -0.01924629018118502, 0.4911285237090687
0.1259343324276287, -0.019984347038042662, 0.49072361493316446
0.12575394071102347, -0.0196464041608116, 0.49087310739399526
0.12377177141774258, -0.011829560320078645, 0.4903433942592342
0.12581228851038548, -0.019640947844527214, 0.48990990863803086
0.12594353242261772, -0.01975984044947395, 0.4908597011139969
0.1260260262051404, -0.01953772770385633, 0.4899287969610063
0.12567441264892018, -0.019352090690100975, 0.4903846306401454
0.12589658830881006, -0.01971946407961616, 0.4894031582608544
0.12606860738915227, -0.019229691006561443, 0.4891946732600055
0.12625101450855844, -0.01937601900102494, 0.487853389988158
0.12592952224476642, -0.019900339521425954, 0.4910075482409246
0.12606735511238182, -0.019495386863705125, 0.49075372771492765
0.12560512149455635, -0.01931646418523181, 0.4900262557349706
0.1258050984257533, -0.019814250406193265, 0.49075128392375544
0.12584238002262366, -0.01936566481059661, 0.49018466958182916
0.12595163134728143, -0.019389681813164885, 0.4896238530479637
0.1258068766559926, -0.01966195226636004, 0.4890314933344368
0.1260620103618997, -0.01986138642448908, 0.49138361939242703
0.12550124696237094, -0.019630957493661384, 0.4908173996367408
0.12584167192492443, -0.019663948428573053, 0.4910385935107695
0.12585240341207418, -0.019455870676399895, 0.4902930716717741
0.12602534467804033, -0.01945410545987305, 0.4890207342524897
0.12580878483140762, -0.019344531380336795, 0.4903338443232905
0.12589483682157518, -0.019592182543807013, 0.4905060099078687
0.12644034148816743, -0.01976592062428192, 0.48938926789022863
0.12608558501565093, -0.019630612457382155, 0.4890065827328925
0.12565341209180975, -0.019585181392575996, 0.4900332613101409
0.12626034329657182, -0.019504760350467033, 0.4879091772620714
0.12560915568051423, -0.019392900883121005, 0.4917260195378617
0.12583610249779134, -0.019498929148433222, 0.49001371710538566
0.1258141363799714, -0.019610108535655296, 0.48966829096741477
0.1259130299409543, -0.018910840919395024, 0.4885816290244647
0.1256922738266784, -0.019687663635319902, 0.4896939454873261
0.12576154208882404, -0.01931063893223189, 0.490060054020483
0.12599579658071344, -0.019610355776896054, 0.48896902502617356
0.12569473442071347, -0.019616572353351402, 0.4892661218260101
0.12581689609370114, -0.019792508766353734, 0.4906850545446471
0.12579006732149894, -0.019632547237465728, 0.4901293290701139
0.12573741454431853, -0.01965255745419385, 0.49115891581382526
0.1258574035469469, -0.01956951759431187, 0.4888152530153017
0.12579620222617366, -0.019356503522488376, 0.4902043496504854
0.12617560640087463, -0.019789040308959206, 0.48988972732244673
0.1258074863664436, -0.019346835081787323, 0.4902899036799884
0.12572604576100943, -0.019526764627379744, 0.4899565247442667
0.12571946341737966, -0.01935562789393101, 0.48994519013843985
0.1258115738841807, -0.019609695966717987, 0.4905897218090841
0.12609904707808492, -0.019465962837768757, 0.4894341347622932
0.12611778614528454, -0.019452604554380255, 0.48955296981973817
0.1259375856121505, -0.01979270045534784, 0.4896062954658536
0.12601467021716425, -0.019692517803887838, 0.489883681215591
0.12603730266403226, -0.019493084326715284, 0.4885723452143428
0.12603488435026142, -0.01978974430899443, 0.4910409082851965
0.1256657854021984, -0.01947218960899686, 0.49111281251450445
0.12620791528821484, -0.019519812522837268, 0.4886611828329649
0.1255847820713858, -0.019537182269384838, 0.49042194553153806
0.12562032587424377, -0.01927192702313395, 0.49023450430935117
0.1257496178449456, -0.0197211589315935, 0.4912575521757497
0.1260618311289392, -0.019597083868828438, 0.49000774724463186
0.12574296235390264, -0.019482095273853427, 0.49008442650834133
0.12615189867877466, -0.01928896546634447, 0.4894335240187827
0.12602527752312118, -0.01949355542174141, 0.49003090464696475
0.12577242455086812, -0.01951900332684834, 0.49045912994630675
0.12567657114361877, -0.0196039791633655, 0.4918982043367664
0.12564521589180794, -0.0196321040085435, 0.4912334280944325
0.12587437450326167, -0.01948271757765306, 0.488825653409499
0.12598685385943745, -0.0195121705214605, 0.4901328763346829
0.12615736080861126, -0.01943977856845817, 0.4882957347742083
0.12562114347667294, -0.019667903545707396, 0.49133269640182053
0.12594237100980418, -0.019578290947225147, 0.4895583141077458
0.1261762481905745, -0.019494063947370473, 0.4888673852206737
0.12604960706184587, -0.019566285887749457, 0.4903316952175231
0.12584363330364148, -0.019796666806084003, 0.4889158182272173
0.125417440501624, -0.0197157728864873, 0.4910268084629137
0.125513741599417, -0.019234181534992328, 0.4906337593064415
0.1259044676533412, -0.019642878514148775, 0.48954791469070474
0.12598770097798265, -0.019714813262931587, 0.4905511774187835
0.12591430652595625, -0.019723411431748657, 0.4901741590800778
0.12575823112637524, -0.01942724029987842, 0.4892462849549494
0.12625232290757898, -0.019511998401866973, 0.4883925960402084
0.1258988122572643, -0.019493019942927518, 0.4885619847042095
0.12578694243995733, -0.019365514277901993, 0.4896177479747167
0.12615015940559038, -0.019675032686407745, 0.48880171286158336
0.12556979894559286, -0.019474174936554876, 0.49023243179828835
0.12569944260912383, -0.019446522040546792, 0.49005917146005123
0.1259890047850838, -0.019693117345495465, 0.4907889364893573
0.12531365342695897, -0.019054769162871465, 0.491414521828334
0.12604565105632662, -0.019569279481600227, 0.4893898649731299
0.12575103290519465, -0.019468871078377147, 0.49163213862949745
0.12583316005804318, -0.019641545695305823, 0.49005817626430836
0.12588484945534442, -0.019597322769711576, 0.4899734977097537
0.12610981433316026, -0.01944461828540303, 0.48967374180538714
0.12602861690547243, -0.01943047635309228, 0.4891883664242132
0.1260217848850351, -0.019321798428384926, 0.4891982417119105
0.1259314996274502, -0.01934829255262488, 0.4897584799258557
0.12612163133793053, -0.01911984025264627, 0.4882905743069788
0.12545847963012238, -0.01880069731581132, 0.490758966223456
0.1261107759796266, -0.019644263631210884, 0.4883748992851603
0.12590448785788835, -0.01955323495449471, 0.4895202243610842
0.12588079234266272, -0.019621573388823185, 0.4901224877801011
0.12596080911829277, -0.01950034219315989, 0.4894564340191799
0.126112669290707, -0.019585786301246664, 0.4889876695769336
0.1259252368460056, -0.019407854516134776, 0.4883705510671919
0.12620674568697618, -0.01956253653213053, 0.4895725146291235
0.12517159201970912, -0.0188412988809744, 0.49021399914971775
0.12584443871194018, -0.019304579514316973, 0.4894229300900314
0.1257844341944706, -0.019479740686959623, 0.4895133873220705
0.12622568668380624, -0.019646149910918113, 0.4889087003435252
0.12605163234164796, -0.01960758603508458, 0.48854466239472566
0.12583090419639067, -0.019317882274264255, 0.48884516156450103
0.12576407560419636, -0.01950197189584231, 0.49062896531197464
0.12553499592759076, -0.01927828249223818, 0.49024372328590443
0.12600369412019216, -0.01966376611169511, 0.490171224401197
0.126118864666865, -0.019490450564730845, 0.4896700524348019
0.12553561213706516, -0.019499252288729917, 0.49190614290855905
0.1257446006836809, -0.019156075101756674, 0.488275096730895
0.12599700314140413, -0.019408583714685748, 0.4887226330384578
0.12601686532324607, -0.019569840475255926, 0.48856771925810094
0.1258668016477369, -0.01937458769415001, 0.4895913399980951
0.1256472552794997, -0.018694210372834315, 0.48905097979930806
0.1262316426589309, -0.01986282811116604, 0.48765338575698647
0.1260869645775489, -0.019131407308089075, 0.4882177095532922
0.1257828342998636, -0.019714661303718118, 0.4912426289209704
0.12548451655411488, -0.019480357660021666, 0.4905808377838009
0.1257638254449523, -0.019477572056051204, 0.48909350482829755
0.12573809495505922, -0.019358337046703953, 0.48922300535716456
0.12560529327059727, -0.019559285692006222, 0.4888960343984232
0.12586247194394432, -0.019551613143734735, 0.4904214575051839
0.12586794254081882, -0.019484178522974276, 0.48991053236415283
0.1262263662233476, -0.01945145326989508, 0.4896872242586019
0.12568539319565059, -0.01906855138576248, 0.4906960172587772
0.12597865357226237, -0.019605045498607258, 0.4909561695508068
0.12626477491166224, -0.01932957638306908, 0.48907705982737626
0.1261021623615927, -0.01950252026874093, 0.4888930794998399
0.12593757717030893, -0.01963907807440661, 0.4898697786949564
0.12568242170678073, -0.019483464945515717, 0.49186060042517477
0.12608992533799207, -0.019612329817109902, 0.48806343643411326
0.12566495727437765, -0.01931542302587812, 0.4909127407097368
0.12558853226992642, -0.018636226336873177, 0.4897279264224516
0.12614733273537623, -0.019426513988500704, 0.4898087249547382
0.12602021936850719, -0.01911441137012703, 0.48961678244599266
0.12646418475434001, -0.01973192684733317, 0.4874183563133802
0.12566492172743648, -0.019656691932201854, 0.4902285787175632
0.12565257619633508, -0.019387327831152285, 0.4911355532024249
0.12587508109976114, -0.0196053129185335, 0.4910555686536985
0.12627773747011048, -0.019633489045139153, 0.48862135611050533
0.12587032702249845, -0.01958854025621002, 0.4899935115284931
0.12604420136802783, -0.019446201374499508, 0.4897439603692949
0.12618879015849943, -0.019460076227160606, 0.49016770460370274
0.12576401469377121, -0.019683287039089604, 0.49107983327263405
0.12606581436554165, -0.019579332314485734, 0.49006186763143067
0.12594687239349245, -0.019752055643950023, 0.4899232480806126
0.12569888984030175, -0.019526203134827426, 0.4898842782043266
0.12603797292901953, -0.01935956179195966, 0.4881255358688003
0.12618779203702246, -0.019596172822880318, 0.4887996918495591
0.12606666078498258, -0.01967601484567437, 0.4909365161883569
0.12620161460568055, -0.019603334234999756, 0.48944102670475703
0.1259918681581251, -0.01958081862680385, 0.49108392380974564
0.126165101733564, -0.019876846802999993, 0.48849721265198875
0.12582488412363552, -0.019660503929050128, 0.49046968549377606
0.12602521395232016, -0.019580185605164238, 0.489724273326032
0.1260024073546049, -0.019324980721105674, 0.4901224952876068
0.12584760150266835, -0.02014682989767086, 0.48936650105523194
0.12602502297610604, -0.019700180605077437, 0.490035332804775
0.12582236715513398, -0.01965679551041873, 0.489994226921974
0.1258999652970277, -0.019532300013366238, 0.48832009497159407
0.12586106296841396, -0.02021364834216049, 0.4918935984726747
0.12565276357684318, -0.019268679005782288, 0.490026903519039
0.12533211333867783, -0.018802153449552488, 0.49037769835834194
0.1253908060238692, -0.019002235727244302, 0.48933157769985275
0.12536318417252781, -0.01809557923169012, 0.4893389598235853
0.12761600093791584, -0.026981379685424498, 0.4773596925737005
0.12553419218417727, -0.018725134724263223, 0.4897688222986032
0.12526908303353357, -0.018555532534165975, 0.48967308696454354
0.12615089710886324, -0.019522155701906466, 0.48964835082579883
0.12603274694528546, -0.01965094867396238, 0.48985719079484713
0.12573286142254703, -0.01943938901908707, 0.4893377643029832
0.12596463096086252, -0.0195734980992394, 0.4895457020436674
0.12565513039501827, -0.019384674137689635, 0.4898978030426967
0.12548944399396952, -0.01968967879817657, 0.4918396052552175
0.12603463230621553, -0.019547472118774677, 0.48983818646935084
0.12605570385218418, -0.019852232333939193, 0.48919479216821415
0.12598172783227196, -0.019764363951761385, 0.48874825074771755
0.12617877812080813, -0.019488354033652375, 0.489307755714839
0.1260513399174308, -0.019212928786276895, 0.4884076259797704
0.12536187162347553, -0.018370562756075903, 0.48973960610513734
0.12526587694685393, -0.01906432604297299, 0.4900371338033049
0.1255934931926361, -0.019012840875437483, 0.4901805358122653
0.12564297164996455, -0.019848213950190482, 0.4915581958142176
0.12636690436161258, -0.019903135895805824, 0.4882042264428223
0.12575157033078316, -0.01925218367678941, 0.49182909401949904
0.12592641183330844, -0.01984022602917771, 0.4904333582733903
0.1260598922000784, -0.019327843302974056, 0.4872742803746079
0.1262024340390183, -0.019734141958167577, 0.4881978545049318
0.12597694844014842, -0.01963799380290154, 0.49017857889509053
0.1258209268859504, -0.019431675945158097, 0.4906181056746644
0.12604330776949813, -0.01964921031769148, 0.4897775630041522
0.12620886996387828, -0.01959105307503934, 0.4882942649608157
0.12609169362592684, -0.01936631628804832, 0.48753586863648574
0.1263285669883713, -0.019587920603330887, 0.48817614923986224
0.12617898512547607, -0.019675273159028138, 0.4891197863507667
0.12616169036300098, -0.01928177913030748, 0.4885881875800295
0.1263152078207445, -0.019676310098814518, 0.48962791130154193
0.1259305049679489, -0.019557104962736365, 0.48940375953239856
0.12617819905337743, -0.01979626382360631, 0.49031409240949325
0.12600021571144404, -0.019765623771692064, 0.4893980780116707
0.12594497279588698, -0.019480480287587112, 0.4907017085703897
0.1259733413225533, -0.019569920844063126, 0.4907810338585083
0.1257591216449582, -0.019626220050534545, 0.49048643121050917
0.12603039056831195, -0.019626156597737244, 0.4904805360341885
0.12607236020586646, -0.019628505514987512, 0.48979576774886696
0.12604107332220196, -0.019368989136691758, 0.48951123355863885
0.1260079795559102, -0.019278526842206285, 0.4891886336916847
0.12631925302543381, -0.019488230137660816, 0.48912409862486184
0.125994077867122, -0.01934125968781709, 0.4889587787783746
0.12591873545973528, -0.019604374484780893, 0.4911268327681936
0.12618067727764945, -0.01950354957092672, 0.4888860940558356
0.12578150276404657, -0.019478910725737653, 0.49022455971522644
0.12615486335293866, -0.019454569404639622, 0.4879199419345247
0.1258445643464674, -0.01972155399325646, 0.4902654836142039
0.12610891958843856, -0.019620919012305713, 0.49007835049702964
0.1260071949338302, -0.01957125456780386, 0.4899960253429261
0.1259883272052351, -0.019540313731847146, 0.48897601324734896
0.12620165360688052, -0.019818403070685064, 0.48913754076382077
0.12616954249582413, -0.01931904916611467, 0.48830185257439696
0.12597829525966275, -0.01965080188516473, 0.48922929938955156
0.12595611796788417, -0.01958135234910236, 0.49021083234354984
0.12608545477156666, -0.019472329114551174, 0.4884786994400293
0.12597924697939958, -0.01944895474791821, 0.4897105657649508
0.126076668441623, -0.019582515924619154, 0.4897277897157371
0.12625732867300732, -0.01983593622388013, 0.4880904672053449
0.12593454896613687, -0.019510632787577847, 0.48854404347772945
0.12620795361145984, -0.019591672078859868, 0.48831868516298604
0.12619430480494837, -0.019461282360512897, 0.4895799971212434
0.1259327342958762, -0.019623769809736607, 0.489972832088409
0.12576344264712527, -0.019229401892020635, 0.48943265402427577
0.1263464865734942, -0.019434139079351962, 0.48816438050916683
0.12592905713849784, -0.01921781851752575, 0.4902948386164732
0.12606689012206276, -0.019598121031395976, 0.49009189662422586
0.12605670837878347, -0.019551924095412124, 0.4902806800925314
0.12612681460061667, -0.01973468037878052, 0.48957609130279167
0.1258673483297771, -0.01938730117817002, 0.4906029635919266
0.12569955165448432, -0.019552832007997425, 0.49111904768194403
0.12633437333095177, -0.01960249120090689, 0.48963774540983557
0.12615788255141053, -0.019833182439211495, 0.4879163794501351
0.12572700913150545, -0.01963181565111954, 0.49009833147431664
0.12603017817884124, -0.0194470123070982, 0.489152526370918
0.12563822624736048, -0.01878663634048695, 0.48868534141288006
0.12576508823778712, -0.01947796159615248, 0.49014820766314454
0.12606265899189792, -0.019455331984829696, 0.48854724018149825
0.12617911891558795, -0.019585117341613334, 0.4883828397442768
0.11239175985928178, 0.007719199025694634, 0.500855387224438
0.09693864862133589, 0.03903137116093948, 0.5140813281626879
0.09116194566427403, 0.050940413840351036, 0.5190244691453442
0.09073136718539807, 0.05217951334906728, 0.5186722777438921
0.09096036923055464, 0.05159299510007536, 0.5190564347833048
0.09076020591417908, 0.05206214938816212, 0.5187828805309838
0.0912439969667981, 0.050752391584372634, 0.5179138126950215
0.09092805578059436, 0.05180935120981214, 0.5180314063056081
0.09111190290854485, 0.05190280130344984, 0.5181990409192772
0.10478949539029338, 0.02303396493091945, 0.5087130735941389
0.1191805571254621, -0.006089615227302836, 0.49328703633608684
0.1205560454891935, -0.008813000453173842, 0.4974600815924218
0.12012413096961377, -0.00818724476077298, 0.49475408325423137
0.1202455565039585, -0.008004515937808718, 0.4955225369738694
0.12059853449228208, -0.008316432106441821, 0.49564363705143394
0.12019526883198713, -0.008218429399107462, 0.4950206688126466
0.12025836247705027, -0.008064096011590588, 0.4951336376689249
0.12806772869763453, -0.02369006606274818, 0.48958582901802916
0.1376130857859566, -0.04366133982707895, 0.48815552596083156
0.14712823442855658, -0.061269849340567624, 0.4802759863907487
0.14760769974020826, -0.06275350225847615, 0.48283252735510296
0.1475370957360527, -0.062321304379044797, 0.4824802711676124
0.14749771644390003, -0.06177988566043018, 0.48116106888048027
0.147109393821759, -0.062038235034943504, 0.4814359824539551
0.14751063814981044, -0.061771889527408225, 0.47955296191989083
0.14010416331695189, -0.04767477219638696, 0.48766136567704943
0.12933338698898122, -0.025909467817924477, 0.4905718984523943
0.1318003391761258, -0.021439490389702102, 0.4898837339100764
0.12710023944116297, -0.022059973907484463, 0.4934888610628549
0.12731349723460603, -0.021967937094929443, 0.49248498233321836
0.12732493479721788, -0.022021944992031264, 0.49224604833699664
0.12715287208847023, -0.02170450140425725, 0.49143619778731834
0.14479798180189055, -0.012131770725362815, 0.48706502454267425
0.16783226511906113, 0.00013682135759130699, 0.4827566085892205
0.1696757050782671, 0.0015892969234721603, 0.48039737419783335
0.16955620908042032, 0.0008244001979597543, 0.4810078919743377
0.16929706928696123, 0.0007006161423646511, 0.4797811817483035
0.16953639259446507, 0.001083151430996245, 0.48044376596809535
0.16941089223577124, 0.0009968618918376841, 0.47987093125026703
0.1692897173007385, 0.0007564221229896537, 0.479328733232091
0.1686866762331528, 0.002053467793960418, 0.4797431722052237
0.16819034598300292, 0.005952797178931864, 0.4811033170065019
0.16807048234247549, 0.0063983114830215146, 0.47911077291429083
0.16802660632216246, 0.006508455666294786, 0.48006840892513036
0.16788227162622665, 0.006402502382771637, 0.47918495638982084
0.16791911840437693, 0.006540743736841523, 0.48049966416901424
0.1640612146829764, 0.004295466557825873, 0.4820056002820318
0.14870196450772558, -0.005292792464758107, 0.4863612126427733
0.14739118898905992, -0.0049118572420739385, 0.4874798553334085
0.14742315506101722, -0.004962629726618359, 0.48728439387907657
0.1473452970166721, -0.004809746756137512, 0.48668324889625436
0.14753669222736823, -0.004456862396259136, 0.48602525512556033
0.14747983129804665, -0.004749012150488009, 0.48607392639688307
0.1474792652701072, -0.004858707118104885, 0.48559798465598936
0.14729655722923646, -0.0047058404562635514, 0.48608950338404766
0.14748936546487534, -0.004787980213370877, 0.48572927152621576
0.14727310449603956, -0.0045901494113425615, 0.48628786886309944
0.1538667939590739, -0.018130647078298024, 0.4800918031143034
0.16944695551527564, -0.05030907201379882, 0.4645097661843472
0.1735940302810496, -0.058681013341270835, 0.4611248419088782
0.17370275469433147, -0.05981251299230496, 0.46223525661512305
0.17387218653912656, -0.05950544249891556, 0.4629366361700974
0.17366084492642353, -0.05874116427084111, 0.46060701745556126
0.17370893682892183, -0.058798014851917574, 0.4610645350580289
0.1740123352992314, -0.05916625982370927, 0.4613484751577667
0.17366054668984274, -0.05871058995917016, 0.46193258669964615
0.17401813800677265, -0.05941607279006072, 0.4628884926386447
0.17374137501682407, -0.05916695878785526, 0.46261655795375517
0.17384297847658817, -0.05937088761890624, 0.4614605596753074
0.17351415559664266, -0.05887653719739279, 0.46108916955300105
0.17355517538358117, -0.05840182078311383, 0.4611223433229878
0.17361868670986014, -0.05858436604590885, 0.46052284061618004
0.17368148105698042, -0.05880984901317569, 0.4601436239139758
0.17379643066581, -0.05907341248147296, 0.461041249823907
0.17364418079414828, -0.058623477683673465, 0.46139875493418314
0.17351265725457443, -0.05879479177085017, 0.4615001061498275
0.17365021154748245, -0.058518492023314925, 0.4615001880825787
0.17241087972108587, -0.05626186428540582, 0.4630831504926533
0.15921546924747837, -0.03465875313531167, 0.4598290983291543
0.15665580683392702, -0.031385033472306555, 0.45929920229669075
0.15657047154126918, -0.03136812189004965, 0.45807301694104224
0.1566417365982637, -0.02999201096947427, 0.4593884364565334
0.15690821616374764, -0.03056113721126128, 0.4588974221825282
0.15657160321560656, -0.03015781214572406, 0.4600324598122496
0.1566081462775203, -0.030366491492580708, 0.45899603310330445
0.1570169267166253, -0.03108682294388375, 0.4591294584007006
0.16955307241295473, -0.05100946476007482, 0.45915171944555194
0.17365472475406524, -0.05871171725946988, 0.4580227663666164
0.17441616468011437, -0.06005253701134887, 0.4613702411034616
0.17442045106795276, -0.05994178081284046, 0.45913440608665945
0.17464594670099481, -0.06069403531806027, 0.4599675458176688
0.17447094470148666, -0.06014439121785284, 0.45982430959647513
0.17092172072163606, -0.0624410679546358, 0.4637764578745132
0.1473990622350082, -0.07347663830888822, 0.4718807646868341
0.12771313856102165, -0.08312783007928298, 0.4786911540951574
0.11427005554768711, -0.08949202238822729, 0.4850474193747967
0.11389459075247158, -0.08898158427158141, 0.4834545778424404
0.11400136903735125, -0.08867001104065829, 0.4826745557415714
0.11400708551351338, -0.08856949332464144, 0.48139346449885395
0.1141337346998913, -0.08925458680448196, 0.48429971331068583
0.1143623396149671, -0.0893748088014451, 0.48436669456242437
0.11412018527322583, -0.08877617571366601, 0.48220616228209845
0.10673837242233597, -0.07709710884825506, 0.4804729354425265
0.09769706596238309, -0.06258666261987758, 0.48115528028726373
0.09761625704380456, -0.06234120128397204, 0.47986439906478157
0.0976907031553744, -0.0624782394862027, 0.4808693948253403
0.0940314943033282, -0.0561066843634936, 0.48088416887080376
0.08144980251296467, -0.0375996443087941, 0.47940153008113406
0.08110623691155264, -0.03574601190014464, 0.47779105742263056
0.08101851437236514, -0.036785228745312266, 0.47781493808829634
0.0810947970097676, -0.036804864491811896, 0.47889814367028943
0.08116806861047168, -0.037337231433806295, 0.4789247806787588
0.08130208540167501, -0.037211375271601066, 0.4787989361264555
0.07018895503035794, -0.014847564008666657, 0.49005848309442945
0.0698670057653065, -0.013925665194480576, 0.48791901102594026
0.06971541322764685, -0.013502722957165546, 0.48847374283797956
0.06965974760221239, -0.013159569262834696, 0.48813858265053633
0.06994550711255297, -0.013036466585664172, 0.48702275573153203
0.06954168493175202, -0.013280961093034269, 0.4888979067549624
0.08053440326473925, -0.034604380938100684, 0.47920387241412005
0.09873570193457236, -0.07147803056315548, 0.46177240401717995
0.10271759092912183, -0.08040327845219362, 0.458686973923247
0.1028671049538232, -0.08007864196218233, 0.4560490437538011
0.10254477294219001, -0.0807156049455124, 0.4586699343682489
0.10298151659935133, -0.08012285219165691, 0.45667467363250774
0.10320768894684518, -0.08035651659373023, 0.4565479697139607
0.1026132663280513, -0.08052307273636033, 0.45803070823945985
0.10265078539878318, -0.08011624041878766, 0.4583346473781168
0.09813699947278916, -0.07172864155582732, 0.46012668732151446
0.08665635986491027, -0.05016284208539348, 0.46627163852619063
0.07710053731658531, -0.030524505823536704, 0.4686371188337599
0.07615243275355613, -0.03028287089594967, 0.47036713479803466
0.07596640391981502, -0.030072615284279455, 0.4701987666340538
0.07599804786433235, -0.03007373328471531, 0.47076299315750764
0.0757940931622235, -0.030152746802411853, 0.47054140834016345
0.0760471013101233, -0.03002107677738582, 0.46952809771663834
0.07707442127720454, -0.02951525371411786, 0.4732625729744496
0.09387101135091941, -0.01956228595816681, 0.466811521278633
0.10235241976150067, -0.013298112860948393, 0.4649238026420079
0.10257893666704743, -0.01450186778372575, 0.46618822181296754
0.10267801176001064, -0.014815191304284442, 0.46669272797177197
0.10288889398003159, -0.015048025269872306, 0.4656437667169773
0.10207507483638736, -0.010486877744109807, 0.3778679226967371
0.10272810140921854, -0.014436863059158969, 0.46642755908866207
0.11398197850811398, -0.007170570666927773, 0.4656253324621452
0.1375348916193644, 0.007005243749294804, 0.4574017470280674
0.15947634319222723, 0.020301900063810992, 0.45087493413479085
0.16681575735022733, 0.02379215786276017, 0.4466148963576647
0.16746604892871117, 0.023856820769303774, 0.448174683909627
0.16775325297718013, 0.023491659722457522, 0.4480581051444969
0.16736384648669356, 0.023520868149775227, 0.4476412290500508
0.16706756785722707, 0.02370287351310989, 0.44607428830197376
0.1666364441087587, 0.024062116991321037, 0.4462392942018055
0.17291413987993037, 0.009078461696689277, 0.4479771592789279
0.17309670933368565, 0.007888336303405078, 0.45095988649104235
0.17303496962605938, 0.008100903689798553, 0.44827328600752414
0.17297823287218025, 0.007836447924976184, 0.44881202089279143
0.17322180651938213, 0.008026541685986344, 0.447950250762241
0.17444192897079883, 0.004218279310129929, 0.44640778778877793
0.17647132241473712, -0.003075962362884611, 0.44835534228766616
0.17827914178393267, -0.012756426079360441, 0.4474330428310266
0.1801069451115004, -0.020017084799918483, 0.45131274734812843
0.18119621069537414, -0.028653892482194403, 0.4495024347534144
0.18164351955792685, -0.0312784931031292, 0.448772118204796
0.18144657395434782, -0.03205937117891154, 0.4471469762483228
0.18134527689197324, -0.03109319155870045, 0.44851717438320865
0.18185891673679402, -0.03177550855459272, 0.44960624235444324
0.18119306854362233, -0.03109833780310231, 0.4482308690906814
0.18076686666204, -0.02423259188095689, 0.44892036805202556
0.17964900102930761, -0.01675709121687344, 0.4487932054416445
0.17780845366649162, -0.010013968843492486, 0.4483819777238229
0.17607871199645078, -0.0020297777062461106, 0.44842234515941176
0.17390595377226775, 0.006041032674858961, 0.44893921036094014
0.1708191133508894, 0.014673222475247806, 0.44900196224031286
0.16806953533328645, 0.020551634774067233, 0.4466277917353263
0.16499332504015676, 0.028675501547869985, 0.446141303343261
0.16183266835661742, 0.03538133755689249, 0.4482142743648822
0.15766640911869856, 0.04335020436021688, 0.44997751132584524
0.1543987038183207, 0.049030752822264816, 0.44878985717994646
0.14923388266164697, 0.05621118795673091, 0.4450037510324743
0.14673309935818687, 0.05982871857767087, 0.44607784388551064
0.146537688623202, 0.06024100281592613, 0.4467102689202361
0.14642845785356012, 0.06010249312169051, 0.44720704296289254
0.14649192963258112, 0.060056211261991455, 0.4480783566719807
0.1466897506793463, 0.060006499491192376, 0.44670027413117314
0.14629003237891933, 0.06004448635262107, 0.4472391411692765
0.14663736107986747, 0.06008569194019379, 0.4451730795786749
0.14445030774514694, 0.0631105725011086, 0.44544436733024256
0.13842380078142005, 0.071064486730128, 0.44541368642790413
0.13370854832984333, 0.07640979723160628, 0.44477313492993203
0.13254966830311082, 0.07756570248105298, 0.4462610435723961
0.13224216442382983, 0.07760671063423413, 0.44504713494991105
0.12966199980552007, 0.08084153720919683, 0.4438077478174461
0.1238107049553653, 0.0864390083957808, 0.4454963986461462
0.11895303539683781, 0.09157615352801024, 0.44258505841928986
0.11215225118319888, 0.09681564143352456, 0.4464653948910566
0.10614527486992986, 0.10124052286876567, 0.4455748708627102
0.09930009159865834, 0.10609282428574808, 0.44379311876576094
0.09724679550213515, 0.10768618357912367, 0.4429885525470489
0.09714307004539016, 0.10775394643257184, 0.4437664994767219
0.09733094137641529, 0.10757899666653196, 0.44310589534974776
0.0973314506612488, 0.10775466417968141, 0.44157517728917084
0.09699026021146308, 0.1079151704336891, 0.4440375495405744
0.09722800291935069, 0.10752537034519949, 0.4435339725141662
0.09683215460262763, 0.10829278281014983, 0.4435332657812351
0.09725514713716271, 0.10760298103227874, 0.44301943235287156
0.09655240716895591, 0.10815167695744339, 0.4422393147046075
0.09716787140389888, 0.10756959698547952, 0.4435312019146969
0.09738205109655527, 0.1076145087512579, 0.4425022874563745
0.09705301913322262, 0.1080586216116518, 0.44286917039934187
0.09714654663941118, 0.10774184860060802, 0.4432250748414956
0.09694954383333884, 0.1078175872101212, 0.44399628115417117
0.09662595241266972, 0.10780420149535616, 0.44425113995233484
0.09724488859814616, 0.10786616617991739, 0.44150659607882353
0.09745064001458789, 0.10773349510834022, 0.44148537823577194
0.0972437555524666, 0.10807843784165296, 0.4409574924602032
0.097141497265662, 0.10769790051677902, 0.44313000939328084
0.09714266827158866, 0.10755693123234598, 0.4444569050726691
0.09705651356306323, 0.10802358742460509, 0.4426258170161362
0.0966718711557939, 0.10789797703398106, 0.44366630793945006
0.09635008695288265, 0.1082533955415499, 0.44379099092074353
0.09695173338647468, 0.10788833036000639, 0.44375613710366507
0.09640396595726014, 0.10839475595547547, 0.44247519896853676
0.09671231976661877, 0.1081212458408845, 0.44263056914187426
0.09690227149175838, 0.10817491649709171, 0.4416575278173403
0.09638551998393453, 0.10812296876250173, 0.4451466751617378
0.09745486420245596, 0.10730783687181131, 0.4435425375305987
0.09733056591313086, 0.10778936291185524, 0.44281128604162673
0.09706481202160169, 0.10798766420382765, 0.4431563257030394
0.09711009891359669, 0.10787502636177947, 0.44336857621776476
0.09695349319493476, 0.10788213443946315, 0.4418216403698609
0.09683013553524633, 0.10799280186363411, 0.44069571296597293
0.09681096659222947, 0.1080166294445026, 0.44317964091639783
0.09723520111662734, 0.10769126974241035, 0.44383194404022547
0.09726506668560937, 0.10760284222945946, 0.4430172412990253
0.09689460783016296, 0.10787107660342816, 0.44214280292931785
0.09659149803186444, 0.1078423016668982, 0.4448347150050591
0.0973117923303157, 0.10796100924325876, 0.44210480445053
0.09723915189504492, 0.10750013283203279, 0.4430067759766261
0.097316349525174, 0.10765728596408612, 0.4431429454150805
0.09693546051990146, 0.10816003320954594, 0.4425099694473076
0.09690922134357988, 0.10787888929129033, 0.44085052280537657
0.09692381364833134, 0.10769585359445982, 0.4432555072348027
0.09679272980846235, 0.1083626012720848, 0.44239513353077653
0.09714359894391283, 0.1079685406047573, 0.4417336896279686
0.0971258031643335, 0.1078088179940853, 0.44269837498713743
0.09670159307859817, 0.10805280062220729, 0.44295455556892527
0.09697733420527015, 0.10815661144395682, 0.44243618606538876
0.09661220251389825, 0.10803429200328969, 0.4433151906474526
0.09597724787643465, 0.10861603499773903, 0.4435053864076097
0.09728717777846345, 0.10773028799573353, 0.44115441727080096
0.09697018680370126, 0.10788247919989909, 0.4426312263867521
0.09733255625833022, 0.10777559317634668, 0.4423034916908227
0.09715624651981639, 0.10801336711213794, 0.4421981524166629
0.09720916708424342, 0.10801444626167438, 0.4408104831427222
0.09760076002683027, 0.10741447176275928, 0.44352763701987213
0.0972268550803892, 0.10789662113927659, 0.442356582672812
0.09704017799410991, 0.1076862588526824, 0.4428582457425477
0.09739503083979398, 0.10768307529425566, 0.44080938689406884
0.09656744731949939, 0.10828761966683102, 0.44345014235121827
0.09732961576898906, 0.10775829085229534, 0.44196806224973967
0.09696512741393974, 0.10801918279314932, 0.44175044029891347
0.09717700783874007, 0.1077916924559874, 0.4421200903170064
0.09689606704400988, 0.10807836901221664, 0.4425726582744465
0.09707366782876832, 0.10787174014946531, 0.44234308483033735
0.09720862427546584, 0.10791306278384309, 0.44259748763927276
0.09730882528892981, 0.10753495108900607, 0.4425662898677751
0.09709802158690248, 0.1080863383531487, 0.4421902225606074
0.09710570451890957, 0.10773549295748037, 0.4427910162998497
0.09632952217302232, 0.10834691975905758, 0.44473512172360724
0.09712967317749546, 0.10783456845435657, 0.4422833977366243
0.09673049918660104, 0.10835079530976911, 0.4427677468633756
0.09741867195862516, 0.10776600729899818, 0.44175583906990445
0.09697858500765784, 0.10798928324585445, 0.44277071728023215
0.09679120334552997, 0.1080219292726732, 0.4428919799911773
0.09656707340133687, 0.10833634323731552, 0.44306546384001777
0.09748190933668369, 0.10746655459213447, 0.4406876637843582
0.09704875323464512, 0.10791784154447101, 0.4422279729078288
0.09678131028248368, 0.10809278769696816, 0.44295744845492124
0.09700182814728651, 0.10819527760053682, 0.4415604032117526
0.09685465507413366, 0.10808254368178902, 0.442185846861652
